Image_Index, Avg_Start_Offset, Avg_End_Offset
0, 0.758, 1.636
1, 0.599, 0.652
2, 0.367, 0.509
3, 1.388, 0.475
4, 0.830, 1.623
5, 2.109, 1.836
6, 1.998, 0.383
7, 0.785, 3.200
8, 0.348, 2.326
9, 1.741, 1.698
10, 1.740, 0.459
11, 0.662, 2.276
12, 1.018, 1.979
13, 0.560, 2.547
14, 1.657, 1.558
15, 14.872, 25.078
16, 2.293, 1.202
17, 21.110, 26.307
18, 16.852, 15.634
19, 0.429, 1.578
20, 46.067, 3.987
21, 0.407, 1.549
22, 3.357, 35.097
23, 37.744, 23.105
24, 2.065, 0.682
25, 24.427, 8.437
26, 0.995, 0.925
27, 9.345, 2.977
28, 4.339, 30.140
29, 0.729, 1.042
30, 0.533, 0.733
31, 0.995, 0.564
32, 0.750, 0.663
33, 0.967, 1.202
34, 0.456, 0.916
35, 1.830, 4.572
36, 0.783, 1.530
37, 1.900, 0.793
38, 1.053, 0.605
39, 0.430, 1.168
40, 1.429, 0.576
41, 0.444, 1.222
42, 1.297, 1.872
43, 6.766, 8.140
44, 1.958, 1.498
45, 4.232, 5.116
46, 1.474, 1.015
47, 10.523, 4.546
48, 5.188, 1.600
49, 19.482, 9.217
50, 1.785, 0.564
51, 27.727, 11.169
52, 2.910, 0.430
53, 0.566, 2.012
54, 2.922, 0.614
55, 0.430, 2.517
56, 1.385, 1.171
57, 2.829, 0.304
58, 3.178, 0.860
59, 2.395, 1.015
60, 0.298, 3.459
61, 3.368, 0.639
62, 2.434, 0.515
63, 0.240, 3.132
64, 0.507, 0.467
65, 0.578, 0.558
66, 0.851, 0.394
67, 0.344, 0.514
68, 5.214, 7.406
69, 51.911, 1.512
70, 1.179, 1.235
71, 3.471, 3.438
72, 2.672, 1.760
73, 0.871, 1.474
74, 7.712, 75.821
75, 112.419, 2.817
76, 0.584, 1.972
77, 118.618, 134.850
78, 27.621, 23.420
79, 2.218, 0.654
80, 0.697, 1.942
81, 1.852, 0.520
82, 1.904, 0.633
83, 0.572, 1.311
84, 0.493, 0.477
85, 0.613, 0.604
86, 0.431, 0.352
87, 0.538, 2.328
88, 2.396, 0.562
89, 2.827, 0.470
90, 0.417, 2.192
91, 0.690, 1.912
92, 1.536, 1.338
93, 0.665, 2.137
94, 1.630, 0.490
95, 0.437, 3.021
96, 2.675, 0.791
97, 2.127, 0.784
98, 2.161, 1.418
99, 0.726, 2.763
100, 1.860, 1.962
101, 12.285, 21.288
102, 3.193, 16.603
103, 3.212, 4.863
104, 70.961, 32.206
105, 1.874, 0.969
106, 33.535, 77.952
107, 34.109, 4.743
108, 0.873, 1.676
109, 2.706, 9.411
110, 3.266, 36.672
111, 2.188, 1.675
112, 7.022, 5.044
113, 4.027, 2.286
114, 1.592, 1.185
115, 2.303, 2.285
116, 48.491, 61.298
117, 1.657, 1.128
118, 0.606, 1.058
119, 12.214, 4.451
120, 0.632, 1.583
121, 0.473, 1.203
122, 4.468, 1.414
123, 3.530, 1.957
124, 1.183, 0.485
125, 1.116, 1.025
126, 75.576, 133.797
127, 87.532, 53.320
128, 1.139, 2.264
129, 59.002, 28.925
130, 47.091, 76.137
131, 1.810, 0.400
132, 36.735, 70.708
133, 0.404, 8.421
134, 45.222, 19.146
135, 1.129, 1.289
136, 43.903, 181.497
137, 7.334, 5.306
138, 1.607, 1.597
139, 55.302, 30.461
140, 36.241, 9.864
141, 0.639, 2.155
142, 23.374, 31.205
143, 1.543, 0.539
144, 0.836, 1.589
145, 5.482, 60.643
146, 1.578, 2.880
147, 2.111, 1.278
148, 2.898, 1.126
149, 2.108, 0.997
150, 2.066, 0.643
151, 1.827, 0.963
152, 0.615, 2.384
153, 0.773, 2.845
154, 0.531, 2.712
155, 2.480, 0.336
156, 0.676, 0.648
157, 0.604, 0.393
158, 0.748, 0.373
159, 3.084, 7.541
160, 1.930, 44.517
161, 0.896, 0.323
162, 1.503, 1.022
163, 0.579, 0.583
164, 3.571, 1.210
165, 4.938, 12.214
166, 1.540, 0.814
167, 1.353, 2.493
168, 1.489, 1.739
169, 1.635, 1.509
170, 2.056, 1.320
171, 1.937, 2.506
172, 2.567, 0.586
173, 1.091, 1.743
174, 1.148, 1.524
175, 1.094, 1.522
176, 1.507, 1.661
177, 2.127, 1.053
178, 26.395, 12.869
179, 3.858, 8.383
180, 3.714, 6.725
181, 96.866, 40.126
182, 30.194, 51.366
183, 3.847, 6.189
184, 1.275, 2.654
185, 12.206, 19.121
186, 99.192, 38.361
187, 0.546, 1.752
188, 3.809, 6.276
189, 13.094, 13.195
190, 9.268, 3.950
191, 123.312, 36.442
192, 12.394, 78.756
193, 3.504, 1.587
194, 2.592, 1.215
195, 2.161, 10.105
196, 12.555, 26.672
197, 6.236, 24.931
198, 0.665, 3.658
199, 2.416, 0.332
200, 35.886, 59.087
201, 40.156, 27.736
202, 47.075, 30.742
203, 0.931, 2.597
204, 1.678, 7.579
205, 3.752, 0.925
206, 12.230, 83.557
207, 4.637, 30.468
208, 3.399, 0.784
209, 4.884, 43.012
210, 47.832, 41.924
211, 1.885, 2.122
212, 7.288, 64.661
213, 18.810, 5.084
214, 2.530, 1.364
215, 4.262, 36.901
216, 3.664, 22.964
217, 1.578, 2.453
218, 6.593, 3.238
219, 21.916, 5.014
220, 2.750, 0.954
221, 2.216, 1.846
222, 16.234, 5.858
223, 9.444, 9.681
224, 2.231, 0.752
225, 1.390, 1.881
226, 3.708, 13.228
227, 1.869, 0.948
228, 1.439, 2.601
229, 8.277, 14.353
230, 1.046, 2.385
231, 0.891, 9.135
232, 48.007, 64.583
233, 4.494, 3.011
234, 0.550, 4.104
235, 4.912, 6.488
236, 1.077, 1.580
237, 3.523, 2.990
238, 1.533, 2.511
239, 3.279, 1.319
240, 1.460, 2.872
241, 1.013, 1.291
242, 0.509, 0.894
243, 1.549, 0.462
244, 0.843, 0.390
245, 0.903, 1.122
246, 0.834, 0.555
247, 1.279, 3.341
248, 7.407, 2.639
249, 8.732, 24.433
250, 2.967, 4.151
251, 20.565, 13.622
252, 3.161, 2.369
253, 5.967, 4.928
254, 3.275, 3.160
255, 5.502, 2.137
256, 8.434, 36.796
257, 2.360, 3.849
258, 2.260, 3.924
259, 16.821, 4.440
260, 2.576, 2.968
261, 2.060, 15.605
262, 3.824, 1.898
263, 11.457, 20.568
264, 1.865, 5.882
265, 1.817, 1.868
266, 1.406, 2.237
267, 3.446, 2.529
268, 9.262, 8.712
269, 2.371, 1.350
270, 3.863, 29.918
271, 3.782, 0.957
272, 12.638, 1.296
273, 2.413, 2.133
274, 110.010, 3.460
275, 6.889, 13.209
276, 1.404, 15.710
277, 6.791, 15.018
278, 5.240, 2.090
279, 1.503, 1.029
280, 0.501, 1.853
281, 1.385, 1.299
282, 6.973, 3.891
283, 0.519, 2.369
284, 1.079, 0.615
285, 1.555, 0.951
286, 0.515, 1.339
287, 0.552, 1.809
288, 1.180, 0.915
289, 2.124, 1.555
290, 2.317, 0.969
291, 1.901, 2.572
292, 1.247, 0.952
293, 0.525, 2.053
294, 2.211, 0.423
295, 1.754, 0.737
296, 0.515, 2.253
297, 0.450, 2.149
298, 2.358, 0.674
299, 1.771, 0.594
300, 1.119, 1.873
301, 0.403, 0.409
302, 0.408, 0.350
303, 0.467, 0.432
304, 0.768, 1.886
305, 0.882, 1.208
306, 1.566, 0.716
307, 0.590, 1.308
308, 1.231, 0.588
309, 0.831, 1.753
310, 1.534, 0.698
311, 0.608, 1.690
312, 0.606, 2.102
313, 1.837, 0.751
314, 3.050, 0.652
315, 0.529, 1.848
316, 0.493, 2.001
317, 2.104, 0.555
318, 1.547, 0.912
319, 0.843, 2.393
320, 1.782, 0.900
321, 0.750, 1.593
322, 0.617, 2.142
323, 2.268, 0.712
324, 1.418, 1.540
325, 1.409, 1.531
326, 1.415, 1.750
327, 1.339, 1.529
328, 1.149, 0.679
329, 0.612, 1.058
330, 1.269, 0.776
331, 130.364, 58.320
332, 1.023, 0.604
333, 37.613, 26.852
334, 24.980, 24.777
335, 0.539, 1.769
336, 6.451, 39.390
337, 72.760, 7.458
338, 0.538, 1.227
339, 18.470, 80.362
340, 98.363, 52.910
341, 1.945, 0.481
342, 45.936, 92.998
343, 0.959, 1.077
344, 0.982, 0.381
345, 0.937, 3.342
346, 0.773, 0.446
347, 0.372, 1.309
348, 3.381, 3.896
349, 1.534, 1.790
350, 0.839, 1.707
351, 1.153, 0.667
352, 1.611, 1.806
353, 1.193, 2.244
354, 1.204, 0.562
355, 0.754, 2.855
356, 1.837, 0.742
357, 1.942, 1.344
358, 1.145, 1.615
359, 0.798, 1.990
360, 2.062, 0.952
361, 7.195, 5.554
362, 3.207, 1.772
363, 2.975, 1.315
364, 43.486, 26.060
365, 29.785, 55.485
366, 1.583, 0.392
367, 28.929, 3.768
368, 19.293, 42.669
369, 1.370, 3.081
370, 2.175, 2.071
371, 1.519, 7.495
372, 0.851, 1.512
373, 4.573, 1.418
374, 3.741, 1.794
375, 0.974, 1.959
376, 3.763, 2.254
377, 0.727, 3.001
378, 1.342, 1.828
379, 0.791, 3.826
380, 1.882, 1.682
381, 1.677, 2.258
382, 2.247, 0.639
383, 2.722, 0.768
384, 0.544, 2.464
385, 6.060, 3.141
386, 1.310, 1.013
387, 1.116, 1.968
388, 0.776, 0.620
389, 5.409, 1.840
390, 0.634, 0.773
391, 1.170, 1.111
392, 0.710, 0.622
393, 0.859, 0.632
394, 1.127, 0.684
395, 0.444, 0.727
396, 2.292, 2.095
397, 1.927, 1.010
398, 0.602, 0.768
399, 3.200, 1.811
400, 1.380, 0.781
401, 3.482, 1.388
402, 2.971, 0.720
403, 0.896, 1.113
404, 3.542, 0.762
405, 0.649, 0.935
406, 0.677, 0.840
407, 0.549, 0.942
408, 0.592, 0.726
409, 4.024, 1.884
410, 4.633, 2.123
411, 3.084, 21.558
412, 5.312, 1.686
413, 4.501, 1.972
414, 9.224, 3.364
415, 1.718, 2.252
416, 1.102, 3.000
417, 3.191, 1.542
418, 0.568, 2.536
419, 4.687, 0.947
420, 1.847, 0.811
421, 1.033, 2.865
422, 2.305, 0.883
423, 0.765, 1.714
424, 1.293, 1.100
425, 1.498, 1.150
426, 0.698, 2.933
427, 1.870, 0.822
428, 2.769, 0.535
429, 0.615, 2.409
430, 3.517, 14.948
431, 31.689, 22.069
432, 17.694, 60.345
433, 14.022, 10.143
434, 5.876, 24.368
435, 10.812, 21.672
436, 16.243, 9.045
437, 2.517, 5.196
438, 9.377, 8.309
439, 3.566, 23.782
440, 5.656, 15.752
441, 15.868, 23.515
442, 25.460, 8.512
443, 10.965, 10.094
444, 8.212, 1.867
445, 2.939, 3.319
446, 3.303, 12.263
447, 10.818, 16.012
448, 27.952, 13.945
449, 83.563, 10.426
450, 21.843, 4.264
451, 3.455, 7.030
452, 14.450, 10.925
453, 14.285, 5.059
454, 2.366, 3.274
455, 16.231, 18.290
456, 7.788, 4.173
457, 60.901, 34.992
458, 33.196, 12.088
459, 5.938, 6.144
460, 20.308, 5.665
461, 24.307, 10.371
462, 19.463, 12.745
463, 8.598, 7.583
464, 11.779, 21.542
465, 23.085, 29.804
466, 7.459, 14.464
467, 30.335, 12.199
468, 38.171, 6.848
469, 11.212, 5.064
470, 21.737, 7.466
471, 54.255, 21.594
472, 19.650, 11.105
473, 3.385, 3.914
474, 6.634, 3.795
475, 6.481, 23.298
476, 5.540, 16.032
477, 36.561, 8.921
478, 23.101, 30.087
479, 13.086, 17.427
480, 18.060, 28.110
481, 54.235, 9.094
482, 15.302, 5.090
483, 26.692, 11.038
484, 4.246, 7.328
485, 8.319, 45.919
486, 12.670, 53.145
487, 19.086, 9.048
488, 27.167, 15.090
489, 8.729, 31.052
490, 6.413, 18.931
491, 4.919, 19.595
492, 10.748, 25.163
493, 0.689, 2.498
494, 2.279, 1.087
495, 6.143, 11.569
496, 1.101, 2.404
497, 2.745, 0.770
498, 2.425, 2.991
499, 24.728, 8.803
500, 28.750, 36.867
501, 0.858, 3.986
502, 0.657, 2.995
503, 3.025, 0.722
504, 3.168, 5.994
505, 3.759, 0.911
506, 0.825, 3.325
507, 8.739, 4.090
508, 4.035, 1.092
509, 1.101, 3.283
510, 0.795, 3.210
511, 2.796, 0.538
512, 1.745, 2.400
513, 1.817, 1.138
514, 4.079, 0.561
515, 1.299, 1.131
516, 1.832, 3.677
517, 1.200, 1.435
518, 1.025, 0.585
519, 0.328, 2.189
520, 4.339, 10.666
521, 0.971, 1.644
522, 0.527, 1.785
523, 2.187, 0.540
524, 2.690, 1.531
525, 3.963, 1.413
526, 1.266, 1.554
527, 0.486, 1.269
528, 2.104, 1.602
529, 29.108, 12.839
530, 4.571, 1.970
531, 3.375, 10.168
532, 0.485, 2.054
533, 27.049, 13.173
534, 17.131, 3.507
535, 8.578, 2.941
536, 2.127, 5.133
537, 0.990, 2.417
538, 3.623, 5.814
539, 2.693, 1.089
540, 11.406, 7.910
541, 11.835, 4.038
542, 4.871, 5.191
543, 7.871, 9.789
544, 2.650, 3.074
545, 5.727, 6.510
546, 6.966, 4.330
547, 14.856, 4.715
548, 12.006, 11.334
549, 16.956, 7.112
550, 13.966, 5.349
551, 9.170, 3.412
552, 2.528, 1.497
553, 7.759, 4.540
554, 35.522, 12.770
555, 1.137, 9.702
556, 10.319, 3.361
557, 2.565, 3.501
558, 3.037, 4.189
559, 14.828, 3.980
560, 32.777, 19.131
561, 42.803, 80.984
562, 3.742, 9.850
563, 1.249, 2.055
564, 0.957, 1.449
565, 14.770, 10.771
566, 6.504, 12.949
567, 3.520, 1.223
568, 0.758, 0.971
569, 62.024, 18.625
570, 23.719, 15.042
571, 2.847, 2.092
572, 1.628, 0.663
573, 55.238, 31.276
574, 1.392, 0.787
575, 0.611, 1.658
576, 1.179, 1.413
577, 0.710, 1.052
578, 0.407, 0.890
579, 1.497, 0.359
580, 1.117, 0.691
581, 6.210, 8.103
582, 1.048, 1.775
583, 9.173, 2.897
584, 1.077, 3.411
585, 2.321, 1.322
586, 0.792, 3.130
587, 1.506, 0.999
588, 2.072, 1.237
589, 13.732, 5.737
590, 1.211, 0.678
591, 1.344, 1.003
592, 0.581, 1.126
593, 0.567, 0.949
594, 1.235, 1.300
595, 1.326, 0.698
596, 1.975, 1.147
597, 0.731, 0.696
598, 1.547, 0.433
599, 1.378, 1.041
600, 1.119, 0.875
601, 0.764, 1.038
602, 0.299, 2.129
603, 1.527, 0.550
604, 0.632, 2.267
605, 1.576, 0.839
606, 0.876, 2.285
607, 0.527, 1.652
608, 2.458, 0.521
609, 0.680, 3.023
610, 1.623, 0.435
611, 1.528, 0.859
612, 0.892, 1.292
613, 0.561, 2.687
614, 2.313, 0.815
615, 1.150, 2.250
616, 2.127, 0.778
617, 1.162, 0.642
618, 0.543, 1.601
619, 0.646, 0.876
620, 0.869, 0.994
621, 1.130, 1.114
622, 1.508, 0.789
623, 1.177, 1.134
624, 0.784, 0.567
625, 11.211, 0.623
626, 0.674, 1.496
627, 1.115, 0.626
628, 1.292, 1.657
629, 0.504, 0.537
630, 0.940, 0.729
631, 2.196, 0.861
632, 0.406, 1.275
633, 2.978, 0.340
634, 3.239, 0.221
635, 0.300, 3.025
636, 0.330, 2.796
637, 0.625, 2.347
638, 9.851, 7.833
639, 3.659, 0.716
640, 1.555, 2.216
641, 0.553, 2.491
642, 0.947, 2.973
643, 2.352, 0.221
644, 3.073, 0.421
645, 3.335, 0.868
646, 1.917, 2.750
647, 0.701, 2.460
648, 3.136, 0.372
649, 14.476, 6.691
650, 3.824, 12.613
651, 0.848, 1.279
652, 25.413, 88.274
653, 10.259, 2.864
654, 1.396, 0.469
655, 0.749, 1.453
656, 2.363, 1.370
657, 1.674, 0.647
658, 0.782, 0.825
659, 2.087, 0.752
660, 0.865, 1.430
661, 4.318, 2.393
662, 1.346, 1.178
663, 7.740, 1.559
664, 4.168, 2.723
665, 0.419, 0.843
666, 1.727, 1.235
667, 1.667, 2.311
668, 0.784, 0.739
669, 1.603, 4.439
670, 0.886, 0.372
671, 15.270, 19.319
672, 0.882, 0.919
673, 1.212, 1.162
674, 0.668, 1.274
675, 0.967, 0.897
676, 1.987, 0.818
677, 0.539, 1.057
678, 1.759, 1.103
679, 3.212, 0.992
680, 1.969, 1.057
681, 0.540, 2.317
682, 2.243, 0.520
683, 1.377, 1.601
684, 2.333, 0.633
685, 1.722, 1.722
686, 2.394, 0.463
687, 1.484, 0.963
688, 1.339, 1.710
689, 0.903, 122.177
690, 0.249, 0.992
691, 10.650, 10.432
692, 1.506, 110.336
693, 0.889, 0.367
694, 4.347, 1.158
695, 4.964, 2.025
696, 2.059, 0.654
697, 13.120, 51.131
698, 1.017, 9.728
699, 0.692, 2.056
700, 3.249, 37.870
701, 0.765, 11.796
702, 3.040, 0.641
703, 33.723, 81.204
704, 0.432, 5.375
705, 0.246, 2.618
706, 138.041, 12.375
707, 0.309, 1.686
708, 1.241, 0.841
709, 1.868, 0.373
710, 2.579, 0.422
711, 0.640, 2.677
712, 1.367, 2.406
713, 1.142, 1.042
714, 1.690, 0.610
715, 0.977, 1.524
716, 0.851, 1.365
717, 1.019, 2.663
718, 2.245, 2.703
719, 1.271, 0.513
720, 1.372, 1.840
721, 3.268, 7.172
722, 1.172, 0.910
723, 1.156, 2.059
724, 0.630, 0.856
725, 2.454, 0.308
726, 0.804, 1.430
727, 0.671, 1.207
728, 0.618, 1.995
729, 2.339, 4.444
730, 0.896, 1.198
731, 1.049, 1.946
732, 0.413, 2.761
733, 1.417, 0.725
734, 2.291, 22.181
735, 8.777, 5.111
736, 2.909, 2.369
737, 1.019, 2.617
738, 9.321, 37.992
739, 6.751, 3.481
740, 3.052, 7.377
741, 3.981, 9.697
742, 2.219, 1.452
743, 4.021, 15.098
744, 3.877, 4.418
745, 1.862, 1.883
746, 1.389, 1.008
747, 23.943, 9.179
748, 14.363, 1.634
749, 19.746, 1.872
750, 2.837, 1.058
751, 0.639, 1.489
752, 3.435, 4.818
753, 3.226, 2.915
754, 4.979, 4.605
755, 4.484, 2.293
756, 2.407, 1.693
757, 3.193, 5.734
758, 16.806, 2.773
759, 22.831, 13.259
760, 2.854, 4.791
761, 1.836, 2.148
762, 2.650, 3.304
763, 10.587, 5.939
764, 3.071, 44.402
765, 3.309, 2.868
766, 3.146, 2.276
767, 3.848, 5.514
768, 6.170, 5.490
769, 2.525, 22.196
770, 5.246, 3.606
771, 1.131, 0.921
772, 3.280, 3.485
773, 7.029, 6.595
774, 4.691, 37.251
775, 14.700, 8.316
776, 1.839, 3.286
777, 25.222, 16.771
778, 2.469, 5.395
779, 2.731, 3.036
780, 2.643, 2.142
781, 0.885, 1.568
782, 6.412, 8.370
783, 16.628, 5.976
784, 3.881, 4.562
785, 2.194, 2.623
786, 4.142, 24.461
787, 0.458, 0.815
788, 1.048, 0.527
789, 0.292, 0.782
790, 1.253, 0.990
791, 1.176, 0.586
792, 0.660, 0.807
793, 0.780, 0.701
794, 0.918, 0.681
795, 0.772, 0.615
796, 0.796, 0.911
797, 0.270, 2.679
798, 2.644, 1.002
799, 2.177, 0.566
800, 1.673, 1.610
801, 0.584, 2.521
802, 1.370, 1.587
803, 3.456, 0.655
804, 2.512, 1.808
805, 0.511, 2.625
806, 0.383, 3.684
807, 3.691, 0.592
808, 2.806, 1.222
809, 0.387, 2.413
810, 2.343, 0.927
811, 0.490, 2.808
812, 1.817, 1.334
813, 2.115, 0.787
814, 1.954, 0.670
815, 1.619, 1.936
816, 3.000, 0.543
817, 5.443, 6.442
818, 2.359, 0.901
819, 1.247, 2.098
820, 0.843, 2.271
821, 2.235, 0.939
822, 2.586, 1.190
823, 0.880, 2.598
824, 1.916, 1.117
825, 1.281, 1.605
826, 1.548, 1.643
827, 0.670, 2.510
828, 0.735, 3.255
829, 1.998, 1.497
830, 0.808, 1.705
831, 2.173, 1.408
832, 0.914, 1.179
833, 1.674, 0.783
834, 6.659, 1.926
835, 1.799, 1.747
836, 1.462, 3.034
837, 4.699, 1.198
838, 1.471, 0.834
839, 0.803, 1.092
840, 1.745, 1.455
841, 0.948, 0.966
842, 3.280, 0.879
843, 0.703, 2.245
844, 6.121, 2.302
845, 1.621, 1.380
846, 1.101, 2.727
847, 1.436, 0.824
848, 1.158, 2.855
849, 4.405, 10.311
850, 2.442, 3.649
851, 2.160, 2.291
852, 5.090, 2.155
853, 1.483, 3.132
854, 1.075, 1.060
855, 5.176, 1.881
856, 1.028, 1.605
857, 1.337, 3.401
858, 2.632, 0.966
859, 0.824, 0.853
860, 1.440, 1.684
861, 1.331, 1.438
862, 0.804, 0.694
863, 1.905, 3.466
864, 3.779, 1.542
865, 1.659, 1.816
866, 3.536, 6.274
867, 1.967, 1.683
868, 1.717, 1.786
869, 4.533, 1.889
870, 2.593, 1.829
871, 1.116, 1.851
872, 2.677, 2.018
873, 0.866, 5.741
874, 1.220, 0.934
875, 9.034, 3.316
876, 1.223, 2.624
877, 4.961, 1.753
878, 0.961, 0.583
879, 1.474, 1.506
880, 1.394, 1.122
881, 0.789, 1.100
882, 1.427, 1.766
883, 1.068, 0.916
884, 1.106, 1.026
885, 1.321, 2.168
886, 2.990, 2.137
887, 3.869, 2.115
888, 1.146, 1.888
889, 0.727, 2.241
890, 1.219, 0.898
891, 30.997, 20.878
892, 1.936, 0.984
893, 2.059, 0.794
894, 0.687, 1.982
895, 0.852, 0.890
896, 1.393, 0.844
897, 1.347, 1.165
898, 1.369, 1.585
899, 0.901, 6.066
900, 2.656, 12.245
901, 0.905, 1.014
902, 0.436, 2.505
903, 1.916, 1.348
904, 0.870, 1.831
905, 1.690, 0.668
906, 0.561, 2.360
907, 1.906, 2.491
908, 2.336, 0.435
909, 0.912, 1.542
910, 1.308, 0.589
911, 0.868, 1.201
912, 1.034, 1.086
913, 1.641, 1.743
914, 1.048, 0.622
915, 68.299, 89.375
916, 87.087, 51.974
917, 22.056, 89.756
918, 47.482, 8.669
919, 22.270, 102.048
920, 2.467, 0.998
921, 18.861, 36.223
922, 67.849, 27.744
923, 2.077, 0.925
924, 2.361, 6.500
925, 4.400, 2.787
926, 3.390, 8.940
927, 0.954, 1.421
928, 5.789, 75.041
929, 1.416, 0.742
930, 3.122, 0.655
931, 0.493, 6.108
932, 2.273, 2.843
933, 7.503, 11.004
934, 1.530, 2.830
935, 4.698, 3.860
936, 15.056, 11.545
937, 4.978, 1.269
938, 5.024, 9.086
939, 1.222, 1.506
940, 8.268, 1.797
941, 1.927, 1.599
942, 1.854, 1.087
943, 0.865, 1.471
944, 1.491, 1.107
945, 28.981, 1.099
946, 1.938, 2.439
947, 0.608, 2.006
948, 1.930, 0.810
949, 0.948, 2.087
950, 1.903, 0.691
951, 1.400, 1.521
952, 1.734, 1.422
953, 0.439, 1.814
954, 1.396, 0.443
955, 1.931, 0.605
956, 0.666, 2.179
957, 1.199, 1.434
958, 1.130, 2.108
959, 0.619, 0.531
960, 28.126, 9.992
961, 12.227, 34.585
962, 0.453, 1.039
963, 12.036, 37.254
964, 7.238, 39.100
965, 1.395, 0.601
966, 11.653, 115.001
967, 20.931, 6.829
968, 0.699, 1.113
969, 54.791, 12.182
970, 1.046, 1.430
971, 1.423, 1.401
972, 13.559, 45.177
973, 2.574, 3.163
974, 3.551, 6.894
975, 6.826, 28.061
976, 4.111, 14.077
977, 1.243, 0.757
978, 2.394, 1.003
979, 2.706, 2.654
980, 7.111, 4.698
981, 5.150, 8.307
982, 1.951, 2.358
983, 8.947, 2.833
984, 2.533, 1.856
985, 31.709, 11.460
986, 2.082, 6.546
987, 5.891, 9.241
988, 1.899, 1.885
989, 1.934, 3.906
990, 3.074, 1.123
991, 2.179, 1.160
992, 8.837, 19.119
993, 1.469, 2.031
994, 2.103, 1.422
995, 1.664, 0.683
996, 1.212, 2.299
997, 17.358, 5.857
998, 3.394, 2.093
999, 2.804, 12.842
1000, 3.230, 12.028
1001, 7.242, 11.095
1002, 1.562, 0.471
1003, 16.287, 11.844
1004, 2.212, 4.741
1005, 12.998, 59.121
1006, 0.526, 1.888
1007, 5.695, 2.065
1008, 1.008, 2.217
1009, 18.586, 11.899
1010, 2.982, 2.396
1011, 3.164, 9.338
1012, 0.788, 3.092
1013, 3.921, 1.994
1014, 92.288, 7.017
1015, 37.140, 13.972
1016, 0.935, 4.107
1017, 5.793, 60.378
1018, 1.645, 1.689
1019, 1.165, 1.311
1020, 1.746, 2.309
1021, 1.126, 2.706
1022, 1.187, 1.485
1023, 2.429, 0.857
1024, 0.848, 1.875
1025, 1.933, 0.948
1026, 1.927, 1.931
1027, 1.426, 2.036
1028, 2.197, 0.850
1029, 2.224, 4.035
1030, 1.641, 0.410
1031, 31.963, 25.253
1032, 0.719, 2.338
1033, 63.100, 26.660
1034, 1.936, 0.533
1035, 30.959, 21.080
1036, 0.681, 2.344
1037, 11.069, 7.747
1038, 3.773, 1.773
1039, 8.484, 11.318
1040, 2.534, 6.486
1041, 2.614, 2.602
1042, 11.058, 5.125
1043, 1.933, 3.862
1044, 1.026, 1.810
1045, 42.890, 57.031
1046, 22.942, 4.880
1047, 2.029, 1.256
1048, 9.438, 21.455
1049, 26.857, 9.413
1050, 40.065, 34.140
1051, 3.486, 9.174
1052, 1.508, 3.042
1053, 2.928, 18.333
1054, 3.660, 2.021
1055, 20.079, 8.711
1056, 7.531, 12.770
1057, 4.278, 6.191
1058, 5.342, 2.667
1059, 2.099, 5.264
1060, 1.169, 1.052
1061, 0.822, 1.050
1062, 0.938, 0.861
1063, 0.451, 0.984
1064, 24.924, 6.646
1065, 2.798, 26.685
1066, 0.615, 1.068
1067, 15.338, 6.572
1068, 15.401, 38.601
1069, 1.757, 0.761
1070, 2.588, 1.294
1071, 0.547, 3.171
1072, 1.935, 1.944
1073, 2.376, 0.670
1074, 0.970, 2.282
1075, 2.563, 1.237
1076, 0.397, 3.038
1077, 1.898, 3.015
1078, 2.727, 0.923
1079, 0.840, 2.928
1080, 0.674, 2.680
1081, 28.004, 23.374
1082, 0.825, 1.903
1083, 32.116, 28.893
1084, 37.375, 8.772
1085, 0.725, 1.133
1086, 25.055, 13.707
1087, 0.295, 2.246
1088, 0.222, 3.391
1089, 0.410, 2.566
1090, 1.808, 1.527
1091, 3.388, 0.378
1092, 1.851, 1.575
1093, 1.362, 2.456
1094, 2.846, 0.503
1095, 2.297, 1.105
1096, 6.297, 4.480
1097, 1.179, 1.177
1098, 0.765, 1.107
1099, 0.549, 1.613
1100, 2.193, 1.944
1101, 1.162, 2.226
1102, 1.884, 0.776
1103, 5.031, 4.289
1104, 2.001, 1.445
1105, 25.982, 3.939
1106, 14.829, 36.666
1107, 0.998, 0.802
1108, 0.609, 0.992
1109, 0.780, 0.509
1110, 0.613, 2.035
1111, 6.646, 22.484
1112, 7.506, 11.030
1113, 11.686, 2.815
1114, 7.031, 33.962
1115, 2.408, 3.530
1116, 6.317, 3.992
1117, 81.376, 37.271
1118, 7.967, 47.579
1119, 5.701, 6.209
1120, 6.462, 9.805
1121, 79.926, 17.886
1122, 3.445, 121.449
1123, 12.327, 6.214
1124, 2.752, 8.099
1125, 0.625, 1.287
1126, 2.048, 1.112
1127, 3.768, 1.469
1128, 1.498, 1.867
1129, 3.640, 1.244
1130, 1.588, 2.953
1131, 1.110, 0.750
1132, 1.012, 1.332
1133, 30.420, 36.573
1134, 2.486, 3.431
1135, 34.455, 13.855
1136, 1.622, 6.061
1137, 0.788, 1.580
1138, 1.369, 1.589
1139, 8.305, 7.626
1140, 1.792, 1.970
1141, 106.627, 65.103
1142, 2.511, 8.747
1143, 7.866, 3.549
1144, 3.173, 1.139
1145, 27.491, 5.806
1146, 0.360, 2.113
1147, 18.951, 17.828
1148, 2.412, 1.709
1149, 3.077, 10.169
1150, 1.546, 2.139
1151, 0.886, 1.456
1152, 3.207, 0.546
1153, 1.211, 0.940
1154, 2.243, 1.469
1155, 1.176, 0.462
1156, 0.621, 1.012
1157, 11.681, 39.858
1158, 20.477, 10.457
1159, 7.447, 8.534
1160, 3.642, 7.182
1161, 12.748, 27.744
1162, 23.951, 49.136
1163, 3.575, 6.163
1164, 6.671, 4.811
1165, 7.649, 35.067
1166, 50.355, 3.745
1167, 16.200, 4.578
1168, 5.997, 3.725
1169, 6.231, 4.827
1170, 21.142, 15.654
1171, 33.079, 20.669
1172, 3.509, 3.730
1173, 3.861, 4.688
1174, 2.731, 9.629
1175, 5.965, 15.412
1176, 27.776, 105.672
1177, 2.334, 1.253
1178, 14.424, 9.983
1179, 112.989, 35.693
1180, 2.446, 0.461
1181, 0.393, 4.509
1182, 2.695, 4.155
1183, 31.565, 129.112
1184, 0.437, 2.594
1185, 2.851, 5.151
1186, 62.350, 21.320
1187, 3.041, 0.885
1188, 11.234, 7.735
1189, 5.550, 6.419
1190, 30.373, 38.111
1191, 3.032, 0.321
1192, 0.642, 3.265
1193, 26.842, 20.920
1194, 0.427, 3.974
1195, 1.489, 4.810
1196, 2.985, 11.021
1197, 31.944, 10.014
1198, 3.441, 0.422
1199, 7.820, 6.264
1200, 15.909, 8.665
1201, 3.529, 0.560
1202, 0.724, 3.237
1203, 67.875, 36.806
1204, 0.334, 1.790
1205, 1.898, 0.984
1206, 1.878, 0.810
1207, 0.512, 1.546
1208, 2.136, 0.820
1209, 0.641, 1.708
1210, 1.091, 0.931
1211, 1.372, 1.204
1212, 0.534, 1.794
1213, 2.525, 0.567
1214, 1.342, 2.335
1215, 0.416, 3.638
1216, 85.713, 67.040
1217, 5.009, 17.500
1218, 0.351, 2.750
1219, 2.776, 0.350
1220, 13.676, 10.082
1221, 8.066, 12.934
1222, 3.602, 2.250
1223, 3.414, 0.368
1224, 0.563, 3.000
1225, 2.750, 0.406
1226, 0.544, 3.547
1227, 3.113, 0.576
1228, 3.920, 0.290
1229, 0.346, 2.034
1230, 3.533, 0.663
1231, 28.016, 6.960
1232, 20.294, 26.445
1233, 0.556, 2.570
1234, 3.324, 1.114
1235, 4.696, 3.184
1236, 3.692, 0.636
1237, 0.675, 2.834
1238, 0.543, 2.147
1239, 2.072, 0.472
1240, 1.999, 0.528

Overall_Avg_Start_Offset: 7.634
Overall_Avg_End_Offset: 8.072
