Image_Index, Avg_Start_Offset, Avg_End_Offset
0, 41.699, 14.884
1, 20.585, 41.440
2, 15.828, 5.955
3, 32.167, 6.294
4, 3.890, 30.939
5, 6.954, 17.003
6, 30.492, 92.340
7, 81.470, 17.211
8, 44.792, 9.637
9, 1.504, 1.613
10, 76.598, 61.262
11, 30.622, 21.991
12, 1.287, 1.828
13, 48.950, 58.656
14, 3.136, 1.757
15, 37.986, 29.734
16, 38.155, 34.250
17, 63.666, 56.429
18, 24.979, 22.059
19, 40.685, 46.068
20, 59.116, 9.814
21, 56.355, 69.404
22, 28.640, 48.302
23, 45.404, 47.164
24, 18.825, 19.442
25, 30.517, 13.728
26, 1.341, 1.039
27, 28.866, 22.764
28, 8.684, 69.787
29, 6.388, 5.354
30, 3.793, 7.717
31, 5.396, 3.255
32, 5.670, 0.678
33, 4.217, 3.159
34, 18.070, 25.025
35, 20.168, 13.396
36, 0.775, 7.247
37, 0.904, 0.819
38, 6.559, 11.309
39, 19.789, 20.756
40, 18.727, 19.286
41, 8.009, 12.120
42, 7.038, 15.546
43, 6.648, 14.816
44, 8.901, 1.790
45, 3.682, 4.859
46, 2.163, 16.657
47, 15.720, 8.348
48, 10.966, 17.785
49, 24.683, 19.684
50, 21.638, 31.673
51, 83.782, 27.913
52, 15.203, 10.986
53, 117.003, 110.548
54, 92.097, 92.108
55, 32.897, 31.818
56, 12.195, 1.081
57, 3.178, 4.622
58, 5.354, 2.837
59, 2.318, 1.394
60, 6.632, 26.622
61, 3.396, 1.084
62, 14.128, 8.238
63, 12.224, 4.832
64, 5.046, 0.680
65, 0.961, 2.662
66, 11.972, 0.909
67, 0.707, 2.340
68, 96.242, 94.555
69, 96.637, 9.952
70, 48.582, 79.885
71, 10.657, 2.983
72, 7.239, 2.589
73, 1.997, 8.108
74, 45.106, 107.937
75, 90.617, 6.775
76, 8.844, 48.220
77, 48.859, 64.517
78, 158.886, 121.960
79, 9.952, 21.554
80, 31.432, 5.006
81, 20.120, 72.989
82, 35.547, 12.506
83, 50.280, 104.250
84, 0.988, 0.613
85, 1.043, 0.625
86, 0.722, 1.059
87, 0.595, 2.387
88, 9.408, 36.746
89, 88.286, 33.750
90, 31.068, 86.077
91, 1.551, 10.695
92, 3.581, 1.269
93, 35.247, 32.271
94, 15.443, 23.848
95, 5.305, 86.161
96, 33.701, 5.777
97, 3.132, 3.236
98, 7.739, 2.890
99, 2.541, 6.123
100, 7.256, 5.113
101, 35.808, 28.282
102, 1.759, 3.898
103, 37.303, 6.993
104, 46.088, 19.247
105, 5.105, 4.433
106, 36.574, 72.867
107, 40.403, 8.856
108, 8.376, 17.657
109, 5.257, 11.585
110, 4.454, 16.648
111, 3.318, 2.767
112, 24.973, 6.408
113, 11.672, 1.847
114, 3.597, 6.761
115, 9.259, 3.921
116, 55.665, 70.881
117, 41.569, 20.071
118, 31.509, 23.816
119, 56.324, 14.099
120, 0.968, 4.964
121, 62.182, 34.503
122, 4.163, 10.032
123, 1.610, 10.919
124, 13.185, 5.710
125, 4.204, 5.656
126, 84.090, 133.243
127, 139.777, 80.430
128, 1.205, 2.821
129, 64.904, 47.160
130, 39.643, 77.220
131, 15.749, 32.374
132, 38.725, 16.812
133, 96.735, 67.817
134, 111.465, 90.852
135, 25.502, 7.521
136, 27.153, 81.895
137, 79.582, 97.105
138, 51.688, 30.227
139, 29.817, 23.597
140, 78.292, 20.604
141, 39.706, 38.406
142, 20.754, 24.570
143, 87.748, 92.244
144, 36.858, 5.365
145, 7.201, 90.551
146, 8.205, 4.822
147, 9.646, 4.975
148, 3.797, 2.291
149, 3.502, 12.880
150, 2.631, 6.707
151, 2.182, 2.745
152, 22.719, 29.165
153, 14.818, 10.152
154, 51.323, 34.858
155, 13.568, 34.757
156, 9.386, 1.112
157, 0.925, 11.283
158, 42.539, 22.822
159, 38.169, 53.654
160, 5.145, 28.098
161, 17.239, 3.901
162, 2.261, 1.141
163, 2.423, 4.396
164, 2.149, 3.020
165, 2.193, 2.521
166, 3.229, 1.994
167, 3.140, 6.508
168, 1.510, 2.560
169, 3.021, 2.217
170, 1.975, 8.685
171, 1.904, 3.572
172, 4.859, 7.038
173, 16.089, 4.280
174, 2.115, 2.198
175, 4.689, 2.029
176, 2.095, 1.605
177, 7.180, 3.906
178, 137.973, 45.773
179, 64.665, 19.615
180, 27.627, 96.573
181, 78.876, 28.574
182, 62.461, 101.883
183, 36.381, 33.352
184, 42.476, 33.055
185, 20.954, 19.082
186, 82.654, 42.966
187, 62.843, 113.237
188, 134.664, 17.826
189, 67.090, 10.577
190, 17.949, 123.726
191, 70.906, 21.670
192, 49.088, 96.338
193, 15.593, 87.715
194, 40.918, 58.288
195, 22.452, 52.951
196, 17.041, 68.780
197, 65.417, 48.214
198, 28.903, 10.580
199, 101.941, 47.393
200, 38.240, 69.337
201, 47.298, 31.041
202, 46.389, 25.522
203, 13.008, 34.699
204, 77.888, 86.606
205, 29.822, 23.197
206, 23.131, 175.837
207, 121.366, 112.537
208, 14.610, 35.404
209, 8.427, 41.026
210, 47.846, 33.287
211, 1.945, 3.227
212, 11.474, 50.310
213, 89.739, 20.872
214, 3.456, 2.783
215, 7.951, 14.437
216, 96.004, 56.811
217, 3.729, 2.814
218, 12.484, 47.098
219, 20.191, 99.218
220, 39.265, 48.366
221, 2.327, 2.314
222, 28.325, 12.036
223, 9.345, 37.898
224, 23.484, 39.615
225, 10.108, 20.925
226, 70.556, 41.487
227, 7.081, 6.397
228, 28.356, 60.036
229, 27.390, 132.820
230, 26.875, 28.988
231, 6.641, 5.832
232, 80.830, 91.469
233, 40.192, 17.400
234, 106.950, 96.808
235, 23.645, 85.958
236, 31.800, 8.125
237, 43.669, 27.307
238, 0.660, 1.703
239, 5.146, 0.963
240, 0.707, 4.190
241, 7.840, 0.926
242, 24.628, 26.541
243, 35.396, 10.404
244, 13.602, 10.929
245, 9.649, 7.194
246, 1.104, 17.452
247, 4.688, 0.824
248, 66.296, 16.405
249, 24.248, 33.719
250, 18.541, 17.042
251, 49.119, 31.841
252, 23.955, 47.721
253, 72.842, 27.949
254, 9.667, 5.284
255, 14.598, 7.977
256, 14.881, 70.134
257, 12.780, 11.130
258, 0.957, 4.249
259, 58.721, 12.805
260, 51.153, 12.235
261, 25.133, 34.939
262, 60.875, 25.712
263, 29.001, 72.013
264, 46.978, 17.664
265, 40.694, 35.977
266, 3.336, 8.888
267, 22.107, 5.923
268, 8.440, 23.140
269, 8.260, 3.583
270, 2.351, 18.930
271, 2.641, 1.310
272, 14.182, 18.821
273, 41.272, 29.437
274, 76.724, 28.153
275, 64.672, 22.436
276, 18.517, 28.862
277, 31.652, 73.925
278, 21.545, 15.474
279, 5.624, 1.751
280, 5.088, 35.915
281, 3.889, 2.944
282, 3.185, 3.633
283, 8.441, 2.379
284, 4.310, 12.331
285, 10.150, 13.141
286, 39.282, 70.800
287, 2.144, 15.496
288, 1.317, 1.388
289, 1.618, 1.341
290, 3.848, 0.977
291, 2.567, 10.118
292, 1.503, 2.539
293, 4.913, 24.988
294, 39.011, 8.030
295, 4.558, 6.888
296, 19.281, 4.655
297, 8.471, 29.892
298, 13.357, 3.487
299, 18.953, 10.210
300, 7.428, 3.353
301, 0.491, 0.681
302, 0.614, 0.916
303, 0.517, 1.073
304, 10.053, 1.525
305, 1.513, 7.154
306, 68.120, 39.080
307, 30.532, 54.890
308, 4.399, 20.417
309, 10.597, 3.379
310, 8.655, 24.746
311, 24.126, 5.997
312, 5.761, 45.747
313, 40.472, 4.623
314, 7.121, 17.129
315, 14.362, 4.953
316, 6.666, 25.384
317, 18.082, 5.765
318, 5.212, 1.615
319, 1.605, 4.149
320, 14.225, 27.089
321, 6.834, 2.478
322, 8.320, 49.823
323, 15.884, 4.645
324, 1.996, 2.530
325, 1.619, 1.860
326, 1.748, 1.919
327, 1.468, 1.707
328, 1.470, 2.350
329, 1.056, 4.086
330, 1.224, 2.390
331, 90.820, 29.412
332, 47.614, 71.809
333, 68.638, 103.018
334, 62.211, 28.450
335, 2.958, 33.246
336, 16.292, 25.446
337, 76.831, 22.304
338, 57.723, 8.038
339, 16.946, 70.947
340, 71.374, 45.648
341, 42.000, 31.896
342, 84.595, 99.923
343, 1.617, 1.173
344, 13.019, 27.966
345, 35.054, 17.190
346, 24.588, 11.964
347, 17.182, 38.963
348, 58.614, 37.261
349, 4.486, 10.347
350, 1.691, 2.795
351, 12.212, 0.701
352, 3.367, 3.402
353, 5.587, 10.478
354, 32.763, 10.081
355, 11.368, 8.158
356, 7.510, 6.081
357, 2.340, 1.353
358, 3.927, 4.740
359, 6.410, 53.876
360, 25.042, 18.882
361, 4.054, 9.609
362, 0.912, 3.596
363, 6.907, 16.247
364, 50.730, 25.576
365, 56.788, 114.083
366, 24.268, 11.316
367, 45.717, 16.630
368, 15.145, 27.041
369, 7.845, 1.482
370, 15.158, 6.096
371, 5.928, 6.371
372, 3.828, 3.797
373, 7.704, 26.636
374, 4.416, 7.645
375, 5.292, 2.002
376, 7.089, 12.820
377, 11.092, 41.543
378, 2.153, 2.931
379, 13.666, 10.014
380, 3.500, 2.964
381, 3.443, 4.501
382, 79.023, 14.061
383, 12.219, 32.026
384, 4.896, 6.096
385, 6.525, 2.964
386, 1.466, 4.905
387, 1.749, 3.663
388, 3.126, 0.727
389, 1.513, 0.715
390, 2.243, 6.284
391, 3.873, 2.058
392, 2.741, 1.047
393, 2.427, 3.102
394, 5.786, 1.809
395, 2.014, 4.719
396, 0.690, 0.750
397, 1.800, 0.575
398, 8.887, 5.033
399, 4.631, 3.452
400, 1.718, 0.626
401, 1.594, 5.895
402, 3.341, 0.710
403, 1.349, 2.848
404, 6.753, 1.202
405, 1.444, 2.523
406, 1.354, 0.932
407, 1.069, 1.228
408, 21.240, 2.768
409, 2.218, 1.525
410, 11.185, 7.810
411, 3.743, 32.029
412, 1.325, 0.714
413, 3.061, 3.719
414, 7.713, 1.296
415, 0.934, 2.794
416, 4.135, 22.281
417, 2.216, 2.106
418, 6.531, 18.416
419, 4.284, 2.734
420, 8.298, 45.080
421, 4.289, 11.800
422, 1.825, 3.874
423, 8.183, 2.567
424, 1.630, 4.285
425, 1.812, 1.395
426, 18.287, 83.041
427, 32.657, 6.626
428, 25.357, 8.503
429, 6.676, 7.949
430, 30.566, 11.784
431, 33.931, 40.503
432, 25.393, 31.119
433, 25.607, 43.731
434, 5.564, 71.198
435, 10.412, 92.138
436, 27.820, 21.092
437, 4.389, 12.650
438, 14.406, 7.060
439, 104.713, 72.873
440, 13.130, 14.027
441, 13.253, 30.574
442, 27.774, 10.296
443, 18.309, 27.216
444, 26.665, 5.158
445, 4.862, 13.830
446, 4.318, 31.982
447, 59.537, 25.865
448, 24.367, 16.033
449, 33.868, 12.903
450, 36.329, 9.019
451, 24.870, 4.721
452, 31.178, 47.122
453, 20.667, 6.210
454, 8.355, 41.487
455, 11.151, 14.385
456, 29.159, 39.462
457, 102.608, 41.552
458, 32.618, 10.052
459, 17.626, 8.043
460, 28.945, 13.228
461, 33.404, 8.092
462, 23.343, 35.172
463, 12.296, 10.578
464, 35.849, 71.412
465, 29.839, 34.582
466, 13.550, 7.620
467, 59.172, 19.725
468, 62.313, 104.882
469, 27.004, 4.909
470, 41.590, 21.320
471, 77.400, 10.608
472, 50.854, 8.017
473, 18.856, 8.582
474, 26.681, 53.681
475, 7.927, 21.207
476, 8.657, 17.681
477, 43.218, 16.291
478, 26.872, 97.590
479, 48.809, 23.037
480, 47.523, 41.620
481, 53.650, 14.151
482, 72.085, 10.485
483, 16.574, 28.547
484, 50.381, 40.668
485, 12.284, 65.903
486, 17.954, 45.220
487, 54.263, 28.155
488, 58.949, 36.176
489, 33.407, 31.964
490, 7.364, 37.557
491, 7.110, 54.473
492, 13.127, 31.917
493, 2.170, 4.468
494, 12.327, 10.849
495, 8.645, 18.973
496, 2.389, 8.235
497, 11.401, 6.031
498, 3.010, 3.315
499, 68.493, 23.905
500, 10.916, 25.128
501, 45.515, 11.882
502, 1.115, 2.697
503, 68.053, 32.085
504, 8.788, 54.479
505, 17.930, 7.327
506, 2.848, 3.623
507, 10.965, 8.282
508, 4.228, 2.456
509, 1.170, 2.798
510, 7.374, 14.637
511, 39.774, 16.362
512, 11.381, 6.798
513, 63.383, 52.458
514, 38.543, 27.275
515, 1.574, 1.431
516, 89.560, 131.599
517, 2.180, 6.390
518, 7.687, 16.783
519, 10.809, 17.502
520, 48.713, 16.541
521, 4.899, 8.399
522, 60.522, 69.149
523, 64.741, 61.880
524, 34.370, 17.262
525, 10.931, 26.123
526, 64.225, 69.717
527, 115.572, 75.700
528, 81.433, 43.051
529, 88.323, 21.315
530, 30.555, 26.744
531, 4.193, 19.761
532, 39.506, 33.194
533, 44.877, 74.239
534, 46.850, 9.107
535, 67.512, 7.019
536, 8.491, 16.469
537, 6.327, 14.841
538, 1.341, 5.685
539, 44.583, 45.417
540, 31.535, 103.884
541, 23.285, 25.042
542, 27.383, 5.924
543, 9.613, 26.350
544, 18.704, 19.661
545, 4.355, 7.227
546, 23.170, 13.854
547, 49.734, 7.200
548, 30.959, 62.272
549, 48.653, 8.165
550, 36.556, 44.561
551, 16.984, 27.369
552, 4.451, 7.645
553, 7.063, 13.867
554, 58.393, 55.255
555, 41.422, 61.501
556, 22.537, 25.660
557, 72.581, 54.280
558, 10.208, 15.587
559, 2.747, 3.382
560, 59.722, 63.284
561, 50.085, 114.282
562, 4.025, 13.158
563, 4.257, 10.326
564, 4.084, 1.716
565, 7.940, 7.186
566, 12.953, 67.507
567, 1.762, 1.401
568, 27.666, 23.899
569, 24.184, 17.087
570, 37.918, 105.773
571, 6.312, 3.439
572, 61.464, 23.156
573, 36.778, 17.495
574, 22.211, 4.371
575, 4.266, 48.930
576, 0.996, 2.336
577, 6.582, 3.164
578, 47.252, 10.754
579, 12.720, 32.465
580, 1.527, 17.048
581, 44.036, 14.043
582, 0.560, 1.739
583, 27.259, 9.405
584, 2.913, 6.095
585, 13.387, 1.639
586, 2.842, 5.353
587, 6.104, 1.110
588, 0.869, 2.967
589, 23.398, 16.048
590, 11.005, 4.680
591, 10.281, 7.861
592, 12.713, 13.017
593, 42.884, 26.413
594, 1.653, 9.908
595, 4.308, 0.691
596, 9.259, 5.968
597, 21.357, 43.203
598, 24.484, 14.662
599, 1.158, 2.737
600, 1.837, 0.814
601, 1.430, 1.049
602, 73.927, 53.512
603, 89.466, 107.132
604, 6.157, 19.445
605, 1.877, 0.838
606, 1.232, 3.042
607, 3.957, 8.877
608, 23.009, 20.656
609, 64.884, 80.558
610, 18.100, 18.063
611, 3.257, 9.273
612, 8.461, 3.753
613, 3.723, 33.606
614, 37.820, 3.996
615, 4.460, 5.415
616, 7.385, 11.436
617, 15.482, 64.359
618, 77.471, 22.253
619, 10.399, 1.662
620, 14.583, 30.992
621, 14.069, 3.537
622, 11.169, 29.238
623, 7.831, 5.991
624, 12.461, 6.558
625, 10.115, 1.295
626, 0.855, 1.374
627, 1.801, 2.869
628, 9.868, 4.835
629, 14.335, 3.071
630, 13.985, 14.848
631, 19.120, 3.900
632, 3.802, 18.786
633, 52.662, 52.439
634, 11.487, 49.811
635, 14.325, 9.841
636, 6.849, 6.497
637, 10.091, 11.614
638, 30.400, 43.004
639, 24.900, 19.075
640, 1.649, 2.465
641, 29.912, 26.129
642, 1.360, 2.822
643, 101.111, 143.260
644, 9.062, 6.925
645, 81.112, 77.299
646, 66.626, 8.675
647, 26.069, 43.394
648, 18.099, 3.936
649, 42.009, 8.723
650, 9.150, 35.292
651, 6.262, 17.449
652, 30.887, 129.271
653, 123.439, 19.955
654, 2.344, 8.061
655, 4.871, 26.610
656, 18.728, 2.746
657, 5.585, 6.907
658, 5.138, 5.415
659, 10.527, 13.469
660, 5.557, 15.860
661, 28.154, 11.063
662, 0.912, 3.845
663, 30.381, 6.328
664, 5.415, 5.094
665, 28.971, 39.064
666, 17.248, 16.555
667, 23.690, 5.818
668, 1.153, 1.036
669, 5.546, 34.366
670, 28.594, 23.493
671, 23.831, 39.438
672, 1.200, 1.081
673, 2.793, 0.900
674, 0.813, 1.838
675, 1.921, 2.058
676, 2.156, 3.069
677, 1.984, 10.437
678, 0.935, 2.262
679, 5.682, 1.657
680, 96.704, 53.739
681, 121.681, 75.252
682, 29.071, 16.255
683, 112.857, 59.466
684, 50.623, 34.357
685, 18.560, 38.362
686, 8.029, 7.085
687, 1.379, 1.362
688, 1.234, 1.645
689, 4.173, 92.998
690, 87.795, 71.217
691, 65.930, 73.592
692, 5.266, 68.591
693, 35.891, 9.410
694, 68.274, 87.339
695, 47.818, 7.173
696, 2.164, 2.733
697, 23.354, 19.536
698, 72.993, 69.430
699, 92.294, 81.649
700, 8.406, 86.129
701, 9.648, 95.103
702, 61.562, 34.995
703, 63.014, 57.550
704, 14.906, 63.481
705, 27.197, 42.336
706, 44.163, 40.941
707, 16.770, 4.456
708, 1.533, 3.724
709, 88.821, 111.182
710, 68.317, 15.211
711, 3.302, 38.966
712, 5.445, 16.044
713, 6.145, 2.764
714, 3.655, 18.461
715, 30.182, 4.358
716, 30.560, 83.158
717, 113.212, 109.073
718, 4.994, 12.348
719, 31.465, 11.672
720, 1.763, 7.972
721, 26.574, 4.866
722, 4.356, 18.960
723, 12.901, 6.780
724, 55.667, 62.187
725, 51.677, 55.654
726, 55.520, 50.548
727, 131.649, 125.084
728, 55.168, 68.235
729, 53.426, 67.768
730, 74.613, 72.588
731, 1.684, 2.571
732, 36.057, 26.953
733, 8.444, 22.899
734, 13.730, 22.900
735, 6.493, 10.214
736, 48.607, 23.482
737, 8.777, 9.804
738, 6.631, 42.207
739, 6.613, 1.275
740, 3.220, 7.956
741, 8.802, 22.658
742, 15.021, 5.806
743, 5.881, 23.886
744, 4.005, 11.669
745, 10.434, 3.314
746, 3.339, 3.627
747, 37.067, 9.923
748, 2.671, 9.231
749, 4.477, 9.586
750, 11.718, 24.034
751, 12.661, 31.179
752, 20.828, 10.516
753, 12.491, 6.219
754, 9.250, 4.404
755, 8.027, 41.291
756, 18.206, 2.915
757, 5.915, 6.095
758, 24.744, 3.174
759, 8.850, 22.703
760, 21.815, 2.522
761, 9.150, 6.269
762, 7.403, 4.191
763, 12.954, 4.162
764, 1.376, 17.181
765, 8.359, 9.782
766, 1.108, 1.458
767, 12.796, 7.095
768, 22.569, 11.316
769, 2.892, 7.088
770, 22.709, 22.264
771, 14.144, 22.958
772, 55.595, 13.124
773, 22.929, 6.177
774, 5.693, 20.792
775, 37.676, 15.285
776, 5.881, 1.905
777, 53.601, 16.003
778, 18.311, 6.370
779, 31.288, 10.611
780, 23.854, 31.341
781, 2.980, 5.243
782, 12.396, 15.710
783, 5.892, 4.487
784, 34.911, 19.300
785, 23.625, 24.164
786, 7.657, 39.533
787, 6.832, 3.801
788, 16.487, 3.782
789, 15.996, 3.702
790, 0.650, 1.593
791, 5.157, 14.938
792, 0.913, 3.107
793, 5.318, 5.380
794, 1.843, 1.014
795, 16.736, 4.120
796, 1.373, 4.439
797, 14.734, 3.752
798, 6.287, 1.025
799, 6.023, 15.957
800, 1.294, 2.127
801, 12.684, 13.088
802, 1.597, 1.406
803, 12.814, 11.694
804, 2.544, 3.846
805, 12.894, 23.308
806, 27.015, 38.945
807, 4.350, 1.746
808, 26.680, 5.977
809, 5.072, 15.688
810, 7.500, 1.234
811, 70.668, 115.386
812, 2.177, 1.452
813, 9.746, 12.762
814, 75.388, 99.943
815, 1.239, 1.997
816, 13.687, 6.632
817, 22.366, 39.216
818, 7.327, 9.090
819, 2.000, 1.916
820, 3.262, 6.314
821, 3.222, 1.886
822, 7.337, 2.733
823, 5.711, 21.037
824, 8.285, 17.736
825, 4.653, 4.204
826, 2.328, 1.744
827, 4.253, 4.672
828, 5.785, 20.907
829, 16.407, 13.948
830, 4.341, 17.560
831, 3.060, 1.699
832, 2.582, 5.469
833, 4.538, 5.727
834, 20.788, 7.439
835, 2.122, 2.039
836, 0.954, 2.397
837, 14.182, 3.719
838, 1.586, 3.873
839, 2.892, 3.619
840, 3.538, 2.302
841, 14.072, 5.093
842, 0.863, 1.021
843, 5.354, 10.957
844, 5.305, 5.666
845, 15.873, 3.092
846, 3.969, 28.380
847, 4.740, 13.469
848, 2.723, 1.487
849, 6.049, 18.066
850, 9.968, 2.366
851, 12.744, 30.859
852, 6.508, 2.805
853, 0.942, 1.443
854, 21.715, 10.092
855, 3.725, 9.277
856, 2.483, 6.932
857, 10.331, 29.219
858, 1.671, 2.885
859, 0.664, 2.366
860, 1.728, 9.657
861, 1.813, 1.719
862, 0.780, 0.981
863, 4.126, 7.205
864, 3.657, 5.742
865, 2.206, 1.997
866, 6.149, 30.480
867, 2.452, 12.188
868, 13.578, 5.185
869, 9.804, 28.142
870, 4.732, 9.531
871, 1.769, 4.497
872, 31.877, 6.266
873, 1.078, 0.681
874, 0.833, 2.809
875, 16.548, 2.443
876, 2.619, 4.077
877, 8.036, 2.953
878, 29.555, 3.872
879, 3.986, 2.484
880, 1.559, 2.534
881, 4.862, 4.291
882, 2.363, 1.345
883, 2.294, 1.277
884, 4.022, 4.598
885, 2.339, 1.922
886, 3.140, 1.600
887, 8.141, 2.857
888, 57.947, 22.901
889, 13.137, 28.839
890, 65.086, 26.118
891, 81.077, 33.969
892, 12.067, 16.921
893, 2.223, 2.135
894, 0.780, 1.375
895, 53.372, 48.777
896, 2.557, 11.245
897, 91.547, 81.107
898, 3.658, 6.196
899, 21.111, 101.497
900, 13.342, 76.935
901, 54.008, 94.469
902, 21.991, 18.291
903, 10.834, 2.739
904, 2.365, 10.388
905, 8.833, 2.014
906, 20.974, 41.161
907, 2.820, 3.654
908, 21.482, 9.899
909, 7.274, 3.365
910, 7.072, 5.417
911, 3.854, 1.169
912, 3.496, 2.391
913, 10.388, 1.027
914, 5.677, 10.504
915, 38.420, 70.903
916, 126.077, 62.170
917, 15.735, 34.089
918, 79.753, 15.835
919, 10.764, 32.872
920, 60.529, 14.733
921, 15.364, 36.437
922, 69.825, 28.472
923, 56.141, 73.026
924, 30.756, 21.737
925, 17.877, 39.868
926, 30.536, 24.338
927, 4.015, 13.255
928, 8.104, 67.902
929, 75.377, 35.657
930, 11.121, 14.695
931, 61.772, 42.979
932, 12.182, 12.242
933, 11.652, 14.660
934, 16.672, 9.194
935, 80.836, 78.568
936, 52.754, 15.206
937, 9.835, 28.267
938, 4.378, 15.754
939, 20.003, 44.752
940, 54.828, 10.233
941, 13.334, 12.460
942, 16.986, 19.750
943, 65.180, 41.231
944, 27.048, 46.433
945, 60.885, 25.436
946, 44.478, 45.863
947, 7.276, 35.752
948, 2.624, 1.084
949, 3.456, 6.771
950, 6.802, 10.071
951, 3.052, 1.704
952, 3.445, 2.970
953, 44.364, 81.297
954, 57.563, 33.019
955, 7.276, 0.737
956, 1.812, 8.617
957, 3.836, 1.306
958, 1.726, 4.234
959, 0.459, 2.301
960, 47.223, 14.413
961, 13.458, 29.374
962, 79.978, 68.588
963, 83.995, 51.509
964, 27.102, 65.586
965, 61.895, 46.588
966, 9.239, 66.668
967, 106.501, 77.412
968, 6.148, 14.300
969, 102.913, 33.059
970, 7.440, 4.772
971, 12.285, 44.476
972, 38.322, 113.472
973, 56.813, 13.540
974, 16.523, 9.294
975, 2.011, 14.719
976, 43.729, 58.372
977, 11.003, 7.644
978, 9.919, 10.969
979, 45.373, 21.132
980, 47.696, 45.710
981, 32.682, 39.886
982, 9.778, 11.966
983, 5.126, 7.858
984, 38.092, 15.503
985, 4.441, 8.813
986, 10.716, 14.212
987, 30.472, 44.292
988, 34.041, 39.724
989, 50.697, 14.672
990, 16.866, 16.852
991, 2.076, 2.804
992, 21.668, 62.041
993, 1.941, 8.524
994, 45.100, 32.626
995, 16.394, 25.746
996, 16.758, 13.074
997, 8.455, 9.910
998, 35.073, 63.141
999, 9.434, 12.870
1000, 11.486, 31.298
1001, 57.723, 92.134
1002, 103.115, 56.704
1003, 68.940, 54.194
1004, 1.955, 4.329
1005, 20.455, 93.890
1006, 10.761, 28.836
1007, 28.422, 14.093
1008, 1.937, 5.179
1009, 76.037, 64.873
1010, 3.526, 2.223
1011, 12.861, 75.605
1012, 5.360, 38.846
1013, 33.549, 35.612
1014, 61.935, 16.400
1015, 58.870, 29.430
1016, 3.163, 13.827
1017, 28.524, 112.617
1018, 1.593, 2.429
1019, 32.411, 10.734
1020, 1.822, 1.960
1021, 1.326, 7.381
1022, 7.312, 3.213
1023, 12.921, 34.327
1024, 3.243, 15.438
1025, 1.655, 1.128
1026, 2.307, 2.291
1027, 27.289, 19.634
1028, 6.975, 6.176
1029, 2.293, 5.816
1030, 0.971, 9.978
1031, 132.432, 52.797
1032, 28.792, 41.035
1033, 158.946, 46.706
1034, 39.511, 41.785
1035, 90.429, 53.469
1036, 2.750, 29.546
1037, 22.626, 32.419
1038, 8.389, 9.006
1039, 12.835, 32.374
1040, 28.587, 83.612
1041, 22.739, 32.231
1042, 31.374, 5.861
1043, 47.892, 28.228
1044, 7.641, 16.137
1045, 73.504, 45.556
1046, 32.182, 46.174
1047, 3.808, 1.365
1048, 9.119, 53.753
1049, 68.461, 9.629
1050, 35.283, 59.357
1051, 61.936, 49.244
1052, 54.642, 41.035
1053, 26.016, 47.429
1054, 2.952, 4.038
1055, 52.527, 11.134
1056, 17.113, 51.037
1057, 4.734, 2.222
1058, 35.377, 10.189
1059, 81.215, 16.412
1060, 1.054, 0.965
1061, 1.760, 1.034
1062, 0.782, 0.881
1063, 0.782, 15.162
1064, 38.061, 7.801
1065, 24.880, 26.806
1066, 1.915, 13.241
1067, 52.146, 8.285
1068, 54.265, 38.226
1069, 142.132, 121.380
1070, 19.294, 20.511
1071, 10.744, 16.029
1072, 1.800, 2.188
1073, 46.956, 107.458
1074, 110.572, 74.965
1075, 9.318, 13.305
1076, 22.795, 23.662
1077, 59.582, 63.335
1078, 130.127, 108.937
1079, 0.851, 3.529
1080, 3.765, 2.714
1081, 34.828, 33.933
1082, 0.900, 2.090
1083, 49.221, 30.116
1084, 61.612, 11.522
1085, 1.261, 11.651
1086, 24.108, 15.518
1087, 26.585, 90.522
1088, 0.539, 3.262
1089, 0.247, 2.771
1090, 14.701, 51.327
1091, 11.426, 6.997
1092, 1.847, 1.449
1093, 9.096, 52.509
1094, 14.160, 12.772
1095, 2.743, 1.380
1096, 7.335, 1.968
1097, 4.877, 3.610
1098, 4.294, 12.646
1099, 2.274, 2.293
1100, 11.544, 16.686
1101, 6.270, 8.368
1102, 46.661, 18.612
1103, 9.795, 26.949
1104, 26.450, 18.407
1105, 4.596, 7.441
1106, 5.812, 31.653
1107, 1.097, 2.563
1108, 1.166, 1.662
1109, 1.181, 0.982
1110, 22.471, 40.021
1111, 32.233, 16.487
1112, 28.702, 42.981
1113, 34.263, 6.375
1114, 11.700, 53.343
1115, 5.709, 10.955
1116, 19.309, 25.653
1117, 110.226, 67.089
1118, 33.048, 109.703
1119, 72.306, 66.047
1120, 8.421, 21.204
1121, 92.855, 58.232
1122, 35.754, 110.933
1123, 39.463, 11.796
1124, 10.878, 7.808
1125, 1.610, 0.901
1126, 1.559, 0.921
1127, 0.662, 0.876
1128, 4.522, 4.355
1129, 0.665, 0.533
1130, 1.668, 2.374
1131, 9.157, 7.461
1132, 12.441, 7.227
1133, 30.987, 45.924
1134, 8.031, 53.476
1135, 133.790, 57.907
1136, 12.948, 71.620
1137, 88.822, 34.515
1138, 13.704, 37.951
1139, 53.153, 73.867
1140, 62.838, 76.057
1141, 34.565, 37.243
1142, 16.861, 46.282
1143, 78.539, 24.602
1144, 58.323, 79.409
1145, 33.117, 6.674
1146, 33.850, 21.530
1147, 41.377, 40.869
1148, 54.229, 20.369
1149, 12.289, 35.083
1150, 0.840, 2.165
1151, 28.718, 8.312
1152, 2.002, 5.542
1153, 1.540, 6.459
1154, 6.142, 1.401
1155, 24.439, 15.042
1156, 3.315, 14.616
1157, 15.391, 29.607
1158, 26.990, 5.450
1159, 4.378, 7.604
1160, 35.066, 13.171
1161, 12.656, 29.613
1162, 22.097, 32.264
1163, 30.454, 14.322
1164, 35.619, 12.395
1165, 16.508, 46.882
1166, 35.803, 5.415
1167, 13.722, 9.012
1168, 25.286, 9.659
1169, 26.508, 13.551
1170, 41.296, 31.064
1171, 117.781, 21.949
1172, 14.933, 12.079
1173, 33.290, 14.187
1174, 7.764, 10.429
1175, 26.094, 18.272
1176, 43.462, 150.154
1177, 4.669, 1.828
1178, 10.216, 6.803
1179, 101.048, 48.610
1180, 2.737, 1.304
1181, 5.864, 9.573
1182, 11.959, 7.303
1183, 39.173, 157.416
1184, 0.655, 2.967
1185, 5.496, 8.478
1186, 78.492, 24.236
1187, 3.980, 0.924
1188, 45.335, 70.974
1189, 68.597, 83.360
1190, 36.169, 29.927
1191, 8.189, 4.245
1192, 7.039, 3.639
1193, 66.600, 56.046
1194, 1.353, 4.408
1195, 46.445, 119.458
1196, 96.796, 65.532
1197, 88.322, 32.132
1198, 3.019, 4.757
1199, 80.383, 24.011
1200, 20.442, 31.516
1201, 3.472, 0.630
1202, 100.095, 110.453
1203, 85.848, 58.580
1204, 5.212, 6.384
1205, 2.182, 1.840
1206, 10.303, 8.737
1207, 81.540, 77.323
1208, 68.464, 75.759
1209, 14.587, 7.354
1210, 15.854, 2.710
1211, 1.200, 3.336
1212, 35.259, 22.836
1213, 2.971, 1.912
1214, 1.472, 3.148
1215, 36.375, 39.597
1216, 32.987, 29.023
1217, 6.693, 24.658
1218, 1.434, 5.275
1219, 3.222, 1.517
1220, 62.844, 25.364
1221, 29.606, 37.169
1222, 7.397, 30.925
1223, 3.665, 0.258
1224, 0.748, 3.386
1225, 63.120, 13.664
1226, 36.675, 66.248
1227, 26.571, 117.628
1228, 2.941, 1.400
1229, 0.568, 2.354
1230, 41.695, 56.044
1231, 128.467, 10.063
1232, 56.810, 140.059
1233, 0.480, 2.903
1234, 17.644, 16.837
1235, 19.148, 59.904
1236, 29.910, 46.145
1237, 99.697, 44.454
1238, 9.005, 8.461
1239, 5.874, 22.106
1240, 21.015, 10.456

Overall_Avg_Start_Offset: 24.418
Overall_Avg_End_Offset: 24.558
