Image_Index, Avg_Start_Offset, Avg_End_Offset
0, 3.57, 9.31, -5.73, 12.88
1, 2.07, 6.40, -4.32, 8.47
2, 2.94, 3.54, -0.61, 6.48
3, 5.11, 15.40, -10.29, 20.51
4, 35.84, 60.44, -24.59, 96.28
5, 5.15, 10.79, -5.64, 15.93
6, 4.24, 5.14, -0.90, 9.39
7, 2.44, 2.27, 0.17, 4.71
8, 13.38, 42.07, -28.69, 55.45
9, 1.68, 1.50, 0.18, 3.18
10, 83.48, 109.44, -25.96, 192.92
11, 5.86, 11.83, -5.97, 17.69
12, 1.95, 2.06, -0.12, 4.01
13, 4.70, 22.69, -17.99, 27.39
14, 9.44, 31.72, -22.28, 41.16
15, 9.32, 10.47, -1.14, 19.79
16, 2.17, 3.85, -1.69, 6.02
17, 38.23, 34.97, 3.25, 73.20
18, 2.60, 6.28, -3.69, 8.88
19, 91.49, 86.03, 5.46, 177.51
20, 23.45, 21.07, 2.37, 44.52
21, 1.24, 2.19, -0.95, 3.43
22, 3.57, 8.77, -5.21, 12.34
23, 38.84, 32.03, 6.81, 70.88
24, 1.89, 5.40, -3.51, 7.28
25, 15.61, 36.05, -20.44, 51.66
26, 18.80, 35.07, -16.27, 53.87
27, 10.90, 28.87, -17.96, 39.77
28, 1.39, 1.65, -0.26, 3.05
29, 2.16, 13.39, -11.23, 15.55
30, 5.74, 17.24, -11.51, 22.98
31, 4.06, 10.05, -5.99, 14.10
32, 3.47, 9.90, -6.42, 13.37
33, 7.92, 19.93, -12.01, 27.86
34, 9.88, 33.63, -23.74, 43.51
35, 8.87, 32.76, -23.89, 41.63
36, 14.41, 22.41, -8.00, 36.81
37, 2.70, 3.27, -0.56, 5.97
38, 2.49, 5.24, -2.75, 7.73
39, 1.15, 2.15, -1.00, 3.30
40, 1.39, 1.40, -0.01, 2.80
41, 1.21, 1.31, -0.10, 2.53
42, 0.89, 1.38, -0.49, 2.27
43, 1.53, 1.57, -0.05, 3.10
44, 7.87, 13.39, -5.53, 21.26
45, 4.17, 9.89, -5.71, 14.06
46, 93.10, 93.89, -0.78, 186.99
47, 2.04, 1.90, 0.15, 3.94
48, 5.22, 25.54, -20.32, 30.77
49, 1.92, 1.28, 0.64, 3.20
50, 12.71, 19.52, -6.81, 32.24
51, 2.36, 2.14, 0.22, 4.50
52, 4.05, 8.63, -4.59, 12.68
53, 3.77, 4.72, -0.95, 8.48
54, 4.45, 4.90, -0.45, 9.36
55, 5.19, 5.56, -0.36, 10.75
56, 3.18, 18.27, -15.09, 21.45
57, 2.16, 14.83, -12.68, 16.99
58, 2.75, 16.69, -13.94, 19.44
59, 2.50, 16.67, -14.18, 19.17
60, 1.54, 2.19, -0.65, 3.73
61, 8.84, 17.51, -8.68, 26.35
62, 1.10, 0.97, 0.13, 2.07
63, 9.30, 33.52, -24.23, 42.82
64, 1.87, 1.59, 0.27, 3.46
65, 6.57, 14.97, -8.40, 21.55
66, 2.41, 4.73, -2.32, 7.14
67, 11.91, 36.14, -24.23, 48.05
68, 2.27, 2.28, -0.01, 4.55
69, 3.74, 5.67, -1.94, 9.41
70, 2.01, 2.38, -0.38, 4.39
71, 2.91, 4.46, -1.55, 7.37
72, 0.53, 0.81, -0.29, 1.34
73, 0.60, 0.91, -0.31, 1.51
74, 0.59, 0.89, -0.30, 1.48
75, 2.02, 1.53, 0.49, 3.55
76, 4.07, 18.92, -14.85, 23.00
77, 3.88, 6.01, -2.13, 9.89
78, 8.35, 21.26, -12.91, 29.62
79, 2.79, 12.61, -9.82, 15.40
80, 5.38, 21.40, -16.02, 26.78
81, 2.72, 2.99, -0.27, 5.71
82, 1.42, 1.41, 0.01, 2.82
83, 3.32, 3.71, -0.39, 7.03
84, 3.15, 3.71, -0.57, 6.86
85, 2.85, 5.92, -3.08, 8.77
86, 3.61, 3.39, 0.23, 7.00
87, 5.00, 13.76, -8.76, 18.77
88, 2.88, 2.37, 0.51, 5.24
89, 8.98, 13.03, -4.06, 22.01
90, 3.86, 14.79, -10.93, 18.65
91, 15.99, 38.42, -22.43, 54.41
92, 2.23, 3.40, -1.17, 5.63
93, 3.56, 12.13, -8.57, 15.69
94, 1.98, 4.07, -2.09, 6.05
95, 7.25, 13.03, -5.78, 20.27
96, 2.44, 4.27, -1.83, 6.71
97, 3.31, 10.36, -7.05, 13.66
98, 3.90, 14.12, -10.21, 18.02
99, 1.64, 3.30, -1.65, 4.94
100, 43.49, 63.18, -19.69, 106.67
101, 8.28, 12.22, -3.94, 20.50
102, 2.56, 3.98, -1.42, 6.54
103, 3.46, 9.14, -5.68, 12.60
104, 24.39, 40.05, -15.66, 64.44
105, 6.90, 21.81, -14.91, 28.71
106, 13.53, 30.11, -16.58, 43.64
107, 6.94, 18.06, -11.12, 25.00
108, 15.67, 22.30, -6.63, 37.98
109, 26.18, 24.55, 1.63, 50.73
110, 2.71, 3.21, -0.50, 5.92
111, 18.32, 39.70, -21.37, 58.02
112, 42.51, 38.30, 4.21, 80.81
113, 3.40, 5.37, -1.97, 8.77
114, 3.56, 10.25, -6.69, 13.80
115, 3.19, 6.28, -3.09, 9.47
116, 8.67, 23.64, -14.97, 32.30
117, 3.42, 8.36, -4.94, 11.78
118, 5.79, 7.48, -1.69, 13.27
119, 14.88, 18.31, -3.43, 33.20
120, 14.33, 12.84, 1.48, 27.17
121, 6.46, 12.46, -6.00, 18.92
122, 12.56, 30.20, -17.64, 42.77
123, 32.10, 38.83, -6.73, 70.93
124, 11.08, 26.43, -15.35, 37.50
125, 6.12, 19.23, -13.10, 25.35
126, 51.94, 38.53, 13.41, 90.46
127, 7.02, 10.96, -3.94, 17.98
128, 7.48, 13.15, -5.67, 20.62
129, 5.52, 10.89, -5.37, 16.40
130, 4.13, 8.67, -4.54, 12.80
131, 14.27, 24.29, -10.03, 38.56
132, 2.90, 3.29, -0.39, 6.20
133, 4.24, 4.13, 0.11, 8.36
134, 8.27, 11.70, -3.43, 19.97
135, 8.63, 10.92, -2.29, 19.55
136, 3.08, 2.80, 0.28, 5.89
137, 1.15, 2.83, -1.68, 3.98
138, 0.81, 1.59, -0.78, 2.40
139, 0.60, 1.11, -0.51, 1.71
140, 20.28, 35.49, -15.20, 55.77
141, 1.26, 5.86, -4.60, 7.11
142, 7.19, 10.60, -3.41, 17.80
143, 0.73, 2.09, -1.36, 2.82
144, 6.19, 26.21, -20.02, 32.40
145, 15.72, 35.70, -19.98, 51.42
146, 22.86, 52.54, -29.69, 75.40
147, 6.27, 14.54, -8.27, 20.81
148, 4.78, 13.36, -8.57, 18.14
149, 6.79, 12.02, -5.23, 18.82
150, 4.52, 9.99, -5.47, 14.51
151, 4.48, 8.80, -4.32, 13.28
152, 3.34, 3.96, -0.62, 7.30
153, 7.30, 19.54, -12.24, 26.84
154, 2.68, 3.91, -1.23, 6.58
155, 3.35, 7.25, -3.89, 10.60
156, 3.98, 5.36, -1.38, 9.34
157, 7.17, 19.23, -12.06, 26.40
158, 3.42, 7.12, -3.70, 10.54
159, 90.44, 107.52, -17.08, 197.97
160, 9.32, 26.25, -16.92, 35.57
161, 9.73, 14.62, -4.90, 24.35
162, 29.99, 33.53, -3.53, 63.52
163, 61.88, 70.20, -8.32, 132.08
164, 5.01, 3.90, 1.12, 8.91
165, 18.51, 14.23, 4.28, 32.74
166, 17.03, 29.54, -12.51, 46.57
167, 51.83, 56.68, -4.85, 108.51
168, 1.76, 1.91, -0.15, 3.67
169, 15.35, 32.06, -16.70, 47.41
170, 20.79, 53.33, -32.54, 74.12
171, 6.21, 12.82, -6.61, 19.03
172, 19.67, 25.01, -5.35, 44.68
173, 29.40, 63.93, -34.52, 93.33
174, 18.87, 32.95, -14.09, 51.82
175, 18.65, 14.39, 4.26, 33.04
176, 7.92, 15.19, -7.27, 23.11
177, 21.53, 28.56, -7.03, 50.09
178, 8.92, 10.12, -1.19, 19.04
179, 21.00, 21.31, -0.30, 42.31
180, 30.95, 31.89, -0.94, 62.84
181, 8.56, 10.89, -2.34, 19.45
182, 20.76, 20.28, 0.48, 41.04
183, 29.45, 31.81, -2.36, 61.25
184, 8.60, 19.37, -10.77, 27.97
185, 51.51, 59.54, -8.03, 111.05
186, 4.04, 3.62, 0.43, 7.66
187, 27.96, 30.23, -2.27, 58.19
188, 5.55, 7.97, -2.42, 13.52
189, 64.19, 63.91, 0.28, 128.11
190, 6.25, 10.95, -4.70, 17.20
191, 27.40, 51.08, -23.68, 78.48
192, 56.89, 53.00, 3.89, 109.89
193, 2.32, 2.89, -0.58, 5.21
194, 8.42, 12.06, -3.64, 20.48
195, 67.34, 62.63, 4.71, 129.98
196, 4.93, 9.80, -4.87, 14.73
197, 18.01, 37.81, -19.81, 55.82
198, 45.60, 41.98, 3.62, 87.58
199, 1.77, 1.87, -0.11, 3.64
200, 4.24, 9.47, -5.23, 13.70
201, 31.18, 25.49, 5.69, 56.67
202, 9.61, 16.14, -6.53, 25.75
203, 3.92, 4.71, -0.79, 8.63
204, 5.69, 13.36, -7.67, 19.04
205, 3.58, 5.94, -2.36, 9.52
206, 14.28, 27.96, -13.68, 42.24
207, 13.16, 19.78, -6.63, 32.94
208, 19.43, 26.40, -6.97, 45.83
209, 15.35, 26.71, -11.37, 42.06
210, 23.26, 29.08, -5.82, 52.33
211, 23.59, 58.11, -34.52, 81.70
212, 6.89, 16.27, -9.38, 23.16
213, 23.44, 36.08, -12.64, 59.52
214, 24.40, 28.94, -4.53, 53.34
215, 9.12, 13.64, -4.52, 22.75
216, 7.76, 11.84, -4.07, 19.60
217, 26.56, 40.81, -14.25, 67.37
218, 4.17, 16.11, -11.94, 20.28
219, 31.45, 61.90, -30.45, 93.34
220, 2.17, 12.68, -10.51, 14.85
221, 10.48, 37.22, -26.74, 47.71
222, 6.31, 6.83, -0.52, 13.15
223, 3.43, 8.70, -5.27, 12.13
224, 6.54, 16.99, -10.45, 23.53
225, 7.92, 20.10, -12.18, 28.01
226, 3.10, 10.97, -7.87, 14.07
227, 9.60, 33.20, -23.60, 42.80
228, 2.38, 4.32, -1.93, 6.70
229, 3.50, 3.78, -0.28, 7.27
230, 12.46, 20.05, -7.59, 32.51
231, 14.58, 27.08, -12.50, 41.65
232, 8.58, 19.40, -10.82, 27.97
233, 4.09, 4.33, -0.23, 8.42
234, 12.15, 19.06, -6.92, 31.21
235, 10.25, 27.22, -16.98, 37.47
236, 2.06, 2.68, -0.62, 4.74
237, 32.61, 56.14, -23.54, 88.75
238, 20.45, 38.09, -17.64, 58.54
239, 8.69, 12.96, -4.27, 21.64
240, 12.79, 19.61, -6.83, 32.40
241, 14.95, 30.81, -15.86, 45.76
242, 13.06, 12.99, 0.07, 26.05
243, 2.23, 2.54, -0.32, 4.77
244, 60.10, 70.34, -10.24, 130.44
245, 2.38, 3.95, -1.57, 6.33
246, 14.54, 25.39, -10.85, 39.93
247, 8.13, 22.78, -14.65, 30.91
248, 51.79, 52.61, -0.82, 104.40
249, 34.51, 63.39, -28.88, 97.90
250, 3.36, 6.17, -2.80, 9.53
251, 73.92, 73.81, 0.12, 147.73
252, 8.05, 15.05, -7.00, 23.10
253, 2.37, 2.12, 0.25, 4.48
254, 11.70, 18.55, -6.85, 30.25
255, 6.96, 13.55, -6.59, 20.51
256, 8.48, 9.74, -1.26, 18.23
257, 2.57, 4.88, -2.31, 7.45
258, 16.93, 30.20, -13.26, 47.13
259, 2.84, 10.59, -7.75, 13.42
260, 2.13, 2.19, -0.06, 4.32
261, 3.95, 14.47, -10.52, 18.41
262, 11.72, 24.54, -12.82, 36.26
263, 4.24, 17.78, -13.54, 22.02
264, 9.70, 13.84, -4.15, 23.54
265, 7.31, 15.99, -8.68, 23.31
266, 5.80, 21.57, -15.77, 27.38
267, 5.32, 22.43, -17.11, 27.75
268, 3.28, 11.57, -8.29, 14.84
269, 3.54, 21.74, -18.20, 25.28
270, 10.98, 23.81, -12.83, 34.79
271, 2.86, 12.33, -9.48, 15.19
272, 2.00, 4.79, -2.79, 6.78
273, 33.17, 62.21, -29.05, 95.38
274, 1.51, 2.08, -0.57, 3.58
275, 14.39, 23.22, -8.83, 37.61
276, 3.26, 12.61, -9.35, 15.87
277, 19.54, 22.90, -3.36, 42.44
278, 8.91, 22.97, -14.06, 31.88
279, 13.76, 12.07, 1.68, 25.83
280, 0.95, 3.30, -2.35, 4.26
281, 0.85, 2.50, -1.65, 3.35
282, 0.72, 2.18, -1.46, 2.91
283, 1.93, 4.53, -2.61, 6.46
284, 2.89, 13.16, -10.27, 16.05
285, 6.93, 13.77, -6.84, 20.69
286, 1.60, 1.98, -0.38, 3.58
287, 3.57, 9.60, -6.03, 13.16
288, 1.42, 1.28, 0.14, 2.69
289, 9.93, 25.08, -15.15, 35.02
290, 1.91, 3.87, -1.96, 5.78
291, 6.46, 14.20, -7.73, 20.66
292, 1.42, 1.59, -0.17, 3.01
293, 6.21, 7.73, -1.52, 13.94
294, 1.29, 1.26, 0.03, 2.55
295, 30.53, 38.81, -8.28, 69.34
296, 1.20, 1.30, -0.10, 2.50
297, 5.18, 12.44, -7.25, 17.62
298, 3.99, 7.87, -3.88, 11.86
299, 13.31, 36.07, -22.75, 49.38
300, 1.76, 2.59, -0.83, 4.36
301, 6.43, 15.29, -8.87, 21.72
302, 2.42, 4.71, -2.30, 7.13
303, 5.91, 14.40, -8.50, 20.31
304, 2.09, 5.36, -3.27, 7.44
305, 6.65, 16.61, -9.97, 23.26
306, 1.43, 2.05, -0.63, 3.48
307, 1.24, 2.39, -1.15, 3.63
308, 1.34, 3.32, -1.98, 4.66
309, 0.89, 1.74, -0.85, 2.63
310, 18.85, 23.50, -4.65, 42.35
311, 10.05, 23.37, -13.33, 33.42
312, 2.09, 3.61, -1.52, 5.70
313, 88.92, 69.62, 19.30, 158.54
314, 5.78, 16.10, -10.32, 21.89
315, 3.34, 8.61, -5.27, 11.96
316, 24.72, 36.57, -11.85, 61.29
317, 5.70, 14.36, -8.65, 20.06
318, 1.60, 2.32, -0.72, 3.92
319, 22.75, 27.14, -4.39, 49.89
320, 17.50, 24.31, -6.81, 41.80
321, 1.28, 2.08, -0.80, 3.37
322, 6.40, 16.38, -9.98, 22.78
323, 3.43, 9.07, -5.64, 12.51
324, 8.02, 17.47, -9.46, 25.49
325, 19.42, 52.71, -33.29, 72.13
326, 3.29, 7.86, -4.57, 11.14
327, 5.73, 12.52, -6.80, 18.25
328, 9.74, 37.99, -28.26, 47.73
329, 4.96, 20.49, -15.53, 25.45
330, 1.69, 6.64, -4.96, 8.33
331, 56.82, 79.89, -23.07, 136.71
332, 7.85, 14.10, -6.25, 21.96
333, 2.81, 4.84, -2.03, 7.65
334, 12.25, 20.55, -8.30, 32.80
335, 7.18, 23.65, -16.47, 30.82
336, 21.21, 47.02, -25.81, 68.24
337, 19.43, 19.72, -0.29, 39.14
338, 4.62, 7.69, -3.07, 12.30
339, 5.26, 9.66, -4.40, 14.92
340, 25.19, 42.64, -17.46, 67.83
341, 32.63, 62.74, -30.12, 95.37
342, 33.50, 48.28, -14.77, 81.78
343, 19.68, 31.27, -11.58, 50.95
344, 2.23, 5.58, -3.35, 7.81
345, 35.89, 55.16, -19.27, 91.05
346, 21.37, 33.24, -11.88, 54.61
347, 1.87, 6.52, -4.66, 8.39
348, 13.99, 34.12, -20.14, 48.11
349, 2.97, 4.65, -1.68, 7.61
350, 1.15, 2.18, -1.03, 3.33
351, 11.47, 23.87, -12.39, 35.34
352, 10.69, 20.42, -9.73, 31.11
353, 2.79, 14.39, -11.60, 17.17
354, 16.89, 38.65, -21.76, 55.54
355, 7.85, 10.94, -3.08, 18.79
356, 15.72, 35.30, -19.57, 51.02
357, 13.64, 19.00, -5.35, 32.64
358, 4.00, 4.30, -0.30, 8.30
359, 7.04, 13.15, -6.11, 20.19
360, 5.09, 9.22, -4.13, 14.30
361, 3.48, 6.83, -3.35, 10.32
362, 4.63, 7.30, -2.67, 11.94
363, 9.81, 17.85, -8.04, 27.65
364, 13.86, 19.55, -5.70, 33.41
365, 30.17, 60.65, -30.48, 90.81
366, 11.38, 25.09, -13.72, 36.47
367, 5.66, 16.58, -10.92, 22.24
368, 3.82, 13.99, -10.17, 17.82
369, 4.23, 13.90, -9.67, 18.13
370, 6.24, 17.48, -11.23, 23.72
371, 1.27, 2.05, -0.78, 3.32
372, 1.00, 4.53, -3.53, 5.52
373, 1.76, 3.26, -1.50, 5.02
374, 1.02, 3.97, -2.95, 4.99
375, 11.31, 31.64, -20.33, 42.96
376, 6.40, 19.68, -13.27, 26.08
377, 10.17, 22.78, -12.61, 32.94
378, 4.34, 13.08, -8.74, 17.42
379, 4.90, 24.57, -19.67, 29.47
380, 3.06, 11.32, -8.26, 14.38
381, 2.89, 11.28, -8.39, 14.17
382, 2.64, 15.86, -13.22, 18.51
383, 12.23, 37.96, -25.73, 50.19
384, 2.79, 8.61, -5.82, 11.39
385, 2.84, 13.77, -10.92, 16.61
386, 1.58, 5.76, -4.17, 7.34
387, 5.83, 22.14, -16.30, 27.97
388, 6.99, 15.89, -8.90, 22.89
389, 42.34, 69.63, -27.29, 111.97
390, 10.28, 29.30, -19.02, 39.59
391, 2.09, 7.76, -5.66, 9.85
392, 11.34, 32.23, -20.89, 43.57
393, 1.57, 13.33, -11.76, 14.91
394, 3.69, 18.31, -14.62, 22.00
395, 2.77, 3.59, -0.82, 6.36
396, 3.03, 4.73, -1.70, 7.77
397, 6.26, 8.94, -2.68, 15.20
398, 3.94, 4.92, -0.98, 8.86
399, 3.12, 4.10, -0.97, 7.22
400, 6.86, 7.29, -0.43, 14.15
401, 1.43, 1.29, 0.14, 2.72
402, 3.58, 13.83, -10.25, 17.41
403, 1.12, 1.01, 0.11, 2.14
404, 1.63, 1.92, -0.29, 3.56
405, 13.54, 21.53, -7.99, 35.07
406, 6.87, 11.29, -4.43, 18.16
407, 3.30, 4.49, -1.19, 7.80
408, 2.13, 2.78, -0.65, 4.91
409, 16.56, 19.40, -2.84, 35.95
410, 21.49, 40.55, -19.06, 62.04
411, 17.11, 19.00, -1.90, 36.11
412, 5.83, 13.17, -7.34, 19.00
413, 20.48, 33.46, -12.98, 53.94
414, 2.50, 4.83, -2.33, 7.33
415, 3.45, 8.16, -4.71, 11.62
416, 5.10, 8.54, -3.44, 13.63
417, 14.23, 21.08, -6.85, 35.31
418, 14.52, 26.16, -11.64, 40.68
419, 13.32, 33.98, -20.66, 47.29
420, 18.86, 39.92, -21.06, 58.78
421, 8.77, 23.53, -14.75, 32.30
422, 7.35, 16.95, -9.61, 24.30
423, 8.30, 23.31, -15.01, 31.60
424, 4.70, 8.04, -3.34, 12.74
425, 71.57, 53.54, 18.03, 125.11
426, 7.65, 21.71, -14.06, 29.35
427, 12.65, 21.08, -8.44, 33.73
428, 7.18, 13.89, -6.72, 21.07
429, 14.21, 36.04, -21.83, 50.25
430, 6.38, 14.16, -7.78, 20.55
431, 4.10, 11.15, -7.05, 15.24
432, 24.14, 29.05, -4.91, 53.18
433, 4.22, 7.04, -2.83, 11.26
434, 46.14, 61.66, -15.52, 107.80
435, 6.45, 13.97, -7.51, 20.42
436, 51.15, 64.78, -13.63, 115.93
437, 16.89, 37.68, -20.79, 54.57
438, 13.57, 27.67, -14.10, 41.24
439, 5.87, 16.18, -10.31, 22.06
440, 4.59, 5.28, -0.70, 9.87
441, 18.14, 20.78, -2.63, 38.92
442, 13.31, 34.73, -21.42, 48.04
443, 18.56, 26.97, -8.41, 45.53
444, 8.86, 10.77, -1.91, 19.63
445, 7.63, 11.82, -4.19, 19.45
446, 12.58, 14.99, -2.41, 27.57
447, 1.65, 2.01, -0.36, 3.67
448, 6.94, 12.23, -5.29, 19.17
449, 5.16, 11.06, -5.90, 16.22
450, 8.90, 10.16, -1.26, 19.06
451, 42.03, 58.68, -16.65, 100.71
452, 13.31, 20.86, -7.55, 34.16
453, 6.34, 12.31, -5.97, 18.64
454, 23.66, 33.91, -10.25, 57.56
455, 7.77, 15.26, -7.49, 23.03
456, 5.33, 6.47, -1.13, 11.80
457, 19.77, 41.54, -21.76, 61.31
458, 3.73, 6.89, -3.16, 10.62
459, 14.55, 19.83, -5.28, 34.38
460, 24.90, 33.46, -8.56, 58.35
461, 36.66, 84.17, -47.51, 120.83
462, 36.66, 35.52, 1.14, 72.17
463, 2.03, 3.49, -1.45, 5.52
464, 4.21, 9.87, -5.66, 14.09
465, 1.84, 6.79, -4.96, 8.63
466, 43.62, 41.33, 2.29, 84.95
467, 10.43, 20.06, -9.63, 30.48
468, 55.02, 68.89, -13.87, 123.91
469, 20.58, 31.88, -11.30, 52.46
470, 10.62, 26.82, -16.20, 37.44
471, 6.71, 19.72, -13.01, 26.43
472, 14.48, 27.21, -12.73, 41.69
473, 11.91, 23.95, -12.04, 35.86
474, 7.16, 8.26, -1.10, 15.42
475, 8.51, 16.13, -7.62, 24.64
476, 10.67, 33.55, -22.88, 44.22
477, 4.04, 5.18, -1.14, 9.22
478, 8.90, 12.33, -3.43, 21.23
479, 6.83, 21.23, -14.40, 28.05
480, 17.76, 26.33, -8.56, 44.09
481, 30.68, 48.17, -17.49, 78.85
482, 7.71, 12.92, -5.22, 20.63
483, 5.11, 11.57, -6.46, 16.68
484, 7.56, 14.54, -6.98, 22.10
485, 8.82, 10.07, -1.24, 18.89
486, 7.75, 17.51, -9.77, 25.26
487, 11.04, 15.39, -4.35, 26.43
488, 5.79, 10.23, -4.45, 16.02
489, 18.03, 27.64, -9.61, 45.67
490, 9.15, 9.83, -0.68, 18.98
491, 9.39, 26.98, -17.59, 36.37
492, 18.66, 41.26, -22.60, 59.92
493, 6.89, 16.10, -9.21, 22.99
494, 3.21, 12.78, -9.57, 15.99
495, 40.17, 78.25, -38.08, 118.42
496, 5.19, 9.16, -3.97, 14.34
497, 95.64, 94.85, 0.79, 190.49
498, 5.45, 9.86, -4.41, 15.31
499, 10.04, 29.38, -19.34, 39.43
500, 40.51, 37.82, 2.69, 78.34
501, 42.97, 47.25, -4.28, 90.23
502, 4.00, 8.84, -4.84, 12.84
503, 6.81, 11.14, -4.33, 17.95
504, 62.58, 61.51, 1.07, 124.09
505, 11.53, 17.69, -6.16, 29.22
506, 30.93, 53.51, -22.59, 84.44
507, 15.47, 21.17, -5.71, 36.64
508, 3.26, 10.63, -7.37, 13.89
509, 16.37, 17.82, -1.44, 34.19
510, 17.90, 26.12, -8.22, 44.03
511, 22.68, 33.71, -11.02, 56.39
512, 21.87, 37.93, -16.06, 59.80
513, 28.75, 31.54, -2.79, 60.29
514, 33.48, 52.60, -19.12, 86.07
515, 10.79, 24.61, -13.83, 35.40
516, 4.75, 10.56, -5.80, 15.31
517, 13.48, 26.72, -13.24, 40.20
518, 19.66, 34.53, -14.88, 54.19
519, 16.90, 28.13, -11.24, 45.03
520, 3.58, 6.41, -2.83, 10.00
521, 9.44, 19.94, -10.50, 29.37
522, 8.47, 16.38, -7.91, 24.85
523, 8.08, 13.74, -5.66, 21.82
524, 100.98, 104.19, -3.21, 205.16
525, 15.10, 24.94, -9.84, 40.04
526, 11.82, 18.73, -6.91, 30.54
527, 77.48, 72.22, 5.27, 149.70
528, 7.33, 13.51, -6.18, 20.83
529, 4.32, 9.94, -5.62, 14.26
530, 7.06, 10.68, -3.63, 17.74
531, 64.95, 57.06, 7.89, 122.02
532, 13.09, 12.67, 0.42, 25.76
533, 6.64, 7.96, -1.32, 14.60
534, 9.40, 12.91, -3.51, 22.31
535, 3.76, 4.61, -0.85, 8.37
536, 25.67, 50.97, -25.31, 76.64
537, 13.61, 29.23, -15.62, 42.84
538, 1.20, 1.50, -0.30, 2.69
539, 21.83, 32.51, -10.68, 54.34
540, 7.43, 22.17, -14.73, 29.60
541, 25.49, 41.05, -15.56, 66.54
542, 2.83, 9.88, -7.04, 12.71
543, 15.99, 27.18, -11.19, 43.17
544, 4.44, 15.09, -10.65, 19.53
545, 29.39, 46.24, -16.84, 75.63
546, 2.21, 1.65, 0.56, 3.87
547, 8.90, 19.43, -10.53, 28.33
548, 4.16, 12.16, -8.01, 16.32
549, 6.96, 14.39, -7.43, 21.34
550, 1.35, 2.54, -1.19, 3.89
551, 3.51, 7.10, -3.58, 10.61
552, 5.82, 12.64, -6.82, 18.45
553, 5.27, 18.31, -13.04, 23.58
554, 20.40, 37.07, -16.66, 57.47
555, 7.15, 17.12, -9.97, 24.27
556, 35.04, 61.89, -26.85, 96.93
557, 1.99, 6.42, -4.43, 8.41
558, 2.08, 4.39, -2.31, 6.46
559, 1.22, 3.15, -1.93, 4.37
560, 2.78, 4.34, -1.56, 7.12
561, 3.53, 11.24, -7.71, 14.78
562, 15.74, 37.45, -21.71, 53.20
563, 6.28, 13.32, -7.04, 19.60
564, 1.13, 2.31, -1.17, 3.44
565, 9.46, 15.48, -6.01, 24.94
566, 15.30, 33.56, -18.27, 48.86
567, 6.34, 17.60, -11.26, 23.94
568, 1.35, 2.96, -1.61, 4.31
569, 8.34, 14.69, -6.35, 23.03
570, 3.96, 10.66, -6.70, 14.62
571, 13.64, 22.05, -8.42, 35.69
572, 8.07, 21.69, -13.62, 29.76
573, 9.67, 31.61, -21.94, 41.28
574, 6.91, 20.32, -13.41, 27.24
575, 34.19, 68.24, -34.05, 102.43
576, 9.42, 15.46, -6.04, 24.88
577, 5.73, 24.15, -18.42, 29.87
578, 1.94, 2.16, -0.23, 4.10
579, 3.05, 3.61, -0.56, 6.65
580, 36.65, 68.96, -32.31, 105.61
581, 3.84, 10.43, -6.59, 14.27
582, 8.32, 10.05, -1.73, 18.36
583, 9.31, 22.29, -12.98, 31.59
584, 3.52, 16.32, -12.81, 19.84
585, 1.40, 1.19, 0.21, 2.59
586, 6.87, 17.63, -10.76, 24.49
587, 1.90, 2.98, -1.09, 4.88
588, 6.28, 11.81, -5.53, 18.09
589, 1.52, 1.61, -0.09, 3.14
590, 10.36, 34.83, -24.47, 45.20
591, 3.29, 8.51, -5.23, 11.80
592, 10.01, 9.30, 0.70, 19.31
593, 5.75, 14.53, -8.79, 20.28
594, 22.12, 20.95, 1.17, 43.07
595, 1.90, 2.63, -0.73, 4.53
596, 3.06, 5.13, -2.08, 8.19
597, 1.07, 3.97, -2.90, 5.04
598, 3.14, 12.18, -9.05, 15.32
599, 0.87, 2.21, -1.34, 3.08
600, 7.73, 22.89, -15.16, 30.62
601, 1.16, 4.72, -3.56, 5.88
602, 7.13, 8.45, -1.32, 15.58
603, 1.43, 4.77, -3.34, 6.21
604, 2.47, 4.43, -1.97, 6.90
605, 1.01, 4.40, -3.39, 5.40
606, 7.13, 11.36, -4.23, 18.49
607, 10.44, 19.21, -8.76, 29.65
608, 37.17, 68.28, -31.11, 105.45
609, 10.92, 23.96, -13.03, 34.88
610, 18.62, 39.83, -21.21, 58.44
611, 12.10, 16.63, -4.53, 28.74
612, 10.31, 14.59, -4.28, 24.90
613, 3.07, 6.30, -3.23, 9.36
614, 7.43, 9.16, -1.72, 16.59
615, 12.52, 37.37, -24.85, 49.88
616, 1.79, 1.58, 0.21, 3.36
617, 2.64, 3.78, -1.14, 6.42
618, 40.69, 81.21, -40.52, 121.91
619, 5.07, 7.22, -2.15, 12.29
620, 64.94, 57.95, 6.99, 122.89
621, 11.90, 12.25, -0.35, 24.14
622, 2.29, 7.54, -5.25, 9.83
623, 3.11, 8.06, -4.96, 11.17
624, 40.47, 56.12, -15.66, 96.59
625, 3.79, 6.54, -2.75, 10.33
626, 1.28, 1.72, -0.44, 2.99
627, 11.96, 23.00, -11.04, 34.96
628, 2.99, 5.78, -2.78, 8.77
629, 2.83, 6.34, -3.51, 9.18
630, 3.95, 8.99, -5.03, 12.94
631, 1.86, 3.52, -1.66, 5.38
632, 5.37, 4.85, 0.51, 10.22
633, 1.67, 4.58, -2.91, 6.25
634, 12.19, 30.57, -18.38, 42.76
635, 7.17, 17.18, -10.01, 24.34
636, 3.69, 11.65, -7.97, 15.34
637, 15.96, 33.79, -17.82, 49.75
638, 8.47, 15.06, -6.59, 23.53
639, 5.33, 12.22, -6.88, 17.55
640, 18.57, 38.95, -20.38, 57.51
641, 1.47, 3.69, -2.22, 5.16
642, 1.58, 5.03, -3.44, 6.61
643, 10.91, 20.01, -9.11, 30.92
644, 2.53, 5.26, -2.73, 7.79
645, 4.60, 11.21, -6.62, 15.81
646, 2.11, 6.55, -4.44, 8.67
647, 2.04, 4.18, -2.14, 6.22
648, 2.22, 7.92, -5.70, 10.14
649, 5.02, 14.73, -9.71, 19.75
650, 2.91, 10.80, -7.88, 13.71
651, 7.46, 24.62, -17.16, 32.08
652, 2.71, 9.83, -7.12, 12.53
653, 5.70, 10.20, -4.50, 15.89
654, 3.62, 5.18, -1.56, 8.81
655, 19.73, 35.79, -16.07, 55.52
656, 5.12, 9.16, -4.04, 14.28
657, 5.55, 6.07, -0.52, 11.62
658, 13.60, 20.75, -7.15, 34.35
659, 21.90, 54.33, -32.43, 76.23
660, 12.43, 28.84, -16.42, 41.27
661, 6.43, 19.40, -12.97, 25.82
662, 9.46, 20.87, -11.42, 30.33
663, 5.69, 14.35, -8.66, 20.04
664, 5.26, 16.54, -11.28, 21.80
665, 29.19, 71.70, -42.51, 100.89
666, 1.53, 1.90, -0.37, 3.43
667, 8.16, 17.64, -9.48, 25.80
668, 9.84, 15.05, -5.21, 24.90
669, 21.67, 27.93, -6.26, 49.61
670, 8.67, 12.49, -3.82, 21.16
671, 3.45, 10.13, -6.68, 13.59
672, 25.34, 50.89, -25.55, 76.23
673, 20.36, 25.24, -4.88, 45.61
674, 5.45, 12.64, -7.19, 18.08
675, 18.05, 30.03, -11.97, 48.08
676, 18.81, 26.59, -7.78, 45.40
677, 3.65, 8.33, -4.68, 11.97
678, 1.05, 1.42, -0.36, 2.47
679, 50.36, 78.05, -27.69, 128.41
680, 7.78, 18.41, -10.63, 26.19
681, 4.95, 12.14, -7.19, 17.09
682, 9.69, 21.44, -11.75, 31.12
683, 19.46, 38.59, -19.13, 58.06
684, 3.81, 3.96, -0.15, 7.76
685, 6.51, 12.77, -6.27, 19.28
686, 2.80, 8.41, -5.61, 11.22
687, 28.32, 33.38, -5.06, 61.70
688, 5.87, 12.45, -6.58, 18.32
689, 2.50, 6.08, -3.57, 8.58
690, 1.24, 1.68, -0.44, 2.92
691, 3.99, 11.28, -7.29, 15.27
692, 3.16, 12.56, -9.40, 15.71
693, 7.20, 24.20, -17.01, 31.40
694, 17.63, 29.16, -11.54, 46.79
695, 11.59, 16.24, -4.65, 27.83
696, 5.66, 9.51, -3.85, 15.16
697, 3.71, 10.29, -6.58, 14.00
698, 22.16, 32.69, -10.53, 54.85
699, 13.32, 23.83, -10.52, 37.15
700, 14.82, 22.31, -7.49, 37.14
701, 5.33, 9.62, -4.29, 14.96
702, 33.40, 58.27, -24.87, 91.67
703, 1.96, 4.90, -2.93, 6.86
704, 17.89, 46.63, -28.75, 64.52
705, 17.78, 34.35, -16.58, 52.13
706, 4.72, 12.36, -7.64, 17.07
707, 1.40, 2.25, -0.85, 3.66
708, 9.08, 29.16, -20.08, 38.25
709, 32.17, 42.55, -10.38, 74.72
710, 9.97, 20.29, -10.32, 30.26
711, 34.69, 40.47, -5.79, 75.16
712, 5.45, 12.91, -7.45, 18.36
713, 15.42, 31.56, -16.14, 46.98
714, 39.54, 59.02, -19.47, 98.56
715, 7.93, 18.44, -10.51, 26.37
716, 2.46, 8.81, -6.35, 11.28
717, 4.39, 11.80, -7.42, 16.19
718, 11.57, 23.68, -12.12, 35.25
719, 5.66, 17.78, -12.12, 23.43
720, 11.61, 33.06, -21.44, 44.67
721, 20.29, 26.46, -6.17, 46.75
722, 10.93, 23.18, -12.25, 34.11
723, 47.37, 35.72, 11.65, 83.09
724, 1.84, 4.27, -2.43, 6.11
725, 6.55, 12.42, -5.87, 18.97
726, 31.23, 36.08, -4.85, 67.31
727, 4.01, 6.52, -2.51, 10.53
728, 80.78, 52.14, 28.64, 132.92
729, 1.78, 4.67, -2.89, 6.45
730, 50.68, 69.48, -18.79, 120.16
731, 47.34, 58.56, -11.22, 105.91
732, 5.03, 13.86, -8.83, 18.89
733, 21.98, 35.14, -13.16, 57.11
734, 6.75, 21.50, -14.74, 28.25
735, 38.27, 50.58, -12.31, 88.85
736, 70.07, 72.02, -1.95, 142.09
737, 3.52, 10.95, -7.43, 14.48
738, 2.68, 4.80, -2.12, 7.48
739, 41.84, 49.20, -7.36, 91.04
740, 42.97, 49.98, -7.01, 92.96
741, 17.50, 28.83, -11.32, 46.33
742, 37.33, 48.26, -10.94, 85.59
743, 0.89, 0.99, -0.10, 1.88
744, 25.30, 35.94, -10.64, 61.25
745, 21.48, 31.43, -9.95, 52.91
746, 32.81, 48.46, -15.65, 81.27
747, 76.22, 64.04, 12.19, 140.26
748, 3.56, 9.21, -5.65, 12.76
749, 11.98, 19.35, -7.37, 31.33
750, 2.48, 4.91, -2.43, 7.38
751, 56.54, 34.79, 21.75, 91.33
752, 2.98, 5.43, -2.45, 8.41
753, 10.08, 22.02, -11.93, 32.10
754, 1.34, 4.46, -3.12, 5.80
755, 13.04, 27.85, -14.81, 40.89
756, 5.09, 15.81, -10.71, 20.90
757, 2.59, 3.38, -0.79, 5.97
758, 2.90, 8.96, -6.06, 11.86
759, 2.77, 6.09, -3.31, 8.86
760, 10.65, 40.06, -29.41, 50.71
761, 1.92, 3.11, -1.20, 5.03
762, 1.96, 3.18, -1.22, 5.13
763, 3.28, 3.47, -0.19, 6.75
764, 7.71, 11.14, -3.42, 18.85
765, 6.05, 15.23, -9.18, 21.28
766, 4.86, 16.81, -11.96, 21.67
767, 2.48, 2.05, 0.43, 4.54
768, 3.12, 6.75, -3.63, 9.87
769, 13.17, 30.34, -17.17, 43.51
770, 3.73, 6.62, -2.89, 10.35
771, 17.78, 29.81, -12.03, 47.59
772, 3.85, 3.35, 0.50, 7.20
773, 14.72, 32.48, -17.76, 47.20
774, 18.01, 34.62, -16.61, 52.63
775, 3.26, 7.95, -4.69, 11.22
776, 6.31, 17.45, -11.14, 23.76
777, 4.73, 7.53, -2.81, 12.26
778, 4.41, 5.12, -0.71, 9.53
779, 12.91, 26.05, -13.14, 38.96
780, 2.48, 3.19, -0.71, 5.67
781, 2.48, 2.67, -0.19, 5.15
782, 33.41, 67.79, -34.38, 101.20
783, 8.64, 24.50, -15.86, 33.14
784, 4.80, 8.22, -3.42, 13.02
785, 7.05, 9.93, -2.88, 16.98
786, 7.08, 22.43, -15.36, 29.51
787, 2.43, 2.33, 0.10, 4.77
788, 6.44, 8.75, -2.30, 15.19
789, 4.85, 12.51, -7.66, 17.37
790, 29.05, 49.40, -20.35, 78.45
791, 6.90, 12.81, -5.91, 19.72
792, 8.25, 29.27, -21.02, 37.53
793, 6.22, 23.56, -17.34, 29.78
794, 9.32, 23.47, -14.16, 32.79
795, 35.46, 46.25, -10.79, 81.71
796, 3.91, 4.93, -1.02, 8.85
797, 8.29, 9.39, -1.09, 17.68
798, 1.46, 3.60, -2.14, 5.07
799, 37.56, 56.00, -18.44, 93.56
800, 2.87, 10.35, -7.48, 13.23
801, 4.91, 10.66, -5.75, 15.57
802, 89.71, 104.60, -14.89, 194.31
803, 3.72, 8.89, -5.17, 12.61
804, 3.24, 5.25, -2.01, 8.49
805, 3.22, 3.71, -0.49, 6.93
806, 3.58, 12.26, -8.68, 15.84
807, 9.85, 20.30, -10.45, 30.15
808, 65.00, 68.51, -3.51, 133.51
809, 1.07, 3.23, -2.17, 4.30
810, 2.92, 9.75, -6.84, 12.67
811, 10.71, 17.41, -6.71, 28.12
812, 0.80, 2.02, -1.22, 2.82
813, 3.54, 11.79, -8.25, 15.32
814, 62.00, 63.25, -1.25, 125.25
815, 0.84, 3.55, -2.71, 4.38
816, 108.66, 48.24, 60.42, 156.90
817, 0.61, 0.83, -0.22, 1.44
818, 1.62, 5.51, -3.89, 7.14
819, 12.64, 30.47, -17.83, 43.12
820, 2.16, 4.17, -2.01, 6.32
821, 8.52, 20.41, -11.89, 28.93
822, 13.52, 22.77, -9.26, 36.29
823, 1.75, 5.83, -4.08, 7.58
824, 4.15, 12.84, -8.69, 17.00
825, 9.78, 18.70, -8.92, 28.48
826, 1.63, 4.79, -3.16, 6.41
827, 30.60, 22.41, 8.19, 53.01
828, 84.68, 72.61, 12.07, 157.28
829, 0.58, 1.58, -1.00, 2.16
830, 31.05, 36.35, -5.30, 67.41
831, 11.17, 21.48, -10.30, 32.65
832, 1.42, 5.05, -3.63, 6.47
833, 7.43, 15.48, -8.05, 22.91
834, 7.33, 14.46, -7.12, 21.79
835, 0.54, 0.93, -0.38, 1.47
836, 13.95, 19.43, -5.49, 33.38
837, 27.84, 29.68, -1.84, 57.52
838, 0.71, 0.70, 0.00, 1.41
839, 6.73, 26.02, -19.29, 32.75
840, 7.08, 13.02, -5.94, 20.10
841, 0.83, 3.40, -2.57, 4.23
842, 5.63, 13.69, -8.05, 19.32
843, 13.57, 19.59, -6.02, 33.16
844, 1.54, 6.92, -5.38, 8.47
845, 3.51, 6.52, -3.01, 10.02
846, 150.02, 102.51, 47.51, 252.53
847, 1.10, 4.35, -3.25, 5.45
848, 7.06, 20.41, -13.35, 27.47
849, 31.97, 32.63, -0.65, 64.60
850, 18.92, 38.82, -19.90, 57.74
851, 2.34, 8.63, -6.30, 10.97
852, 66.48, 56.90, 9.58, 123.38
853, 13.05, 28.56, -15.51, 41.62
854, 10.71, 18.38, -7.67, 29.09
855, 7.00, 8.65, -1.65, 15.65
856, 10.62, 25.77, -15.15, 36.39
857, 2.90, 5.77, -2.87, 8.67
858, 42.46, 59.01, -16.55, 101.48
859, 6.71, 24.66, -17.95, 31.37
860, 3.46, 5.16, -1.70, 8.62
861, 76.98, 86.15, -9.17, 163.13
862, 4.42, 21.48, -17.06, 25.90
863, 2.52, 5.13, -2.61, 7.65
864, 2.98, 9.67, -6.68, 12.65
865, 14.77, 22.23, -7.47, 37.00
866, 21.07, 43.08, -22.01, 64.15
867, 6.63, 14.77, -8.15, 21.40
868, 3.37, 3.95, -0.59, 7.32
869, 7.30, 20.78, -13.48, 28.08
870, 5.04, 21.98, -16.94, 27.02
871, 28.37, 41.55, -13.18, 69.91
872, 18.44, 41.52, -23.08, 59.96
873, 2.41, 6.24, -3.83, 8.65
874, 7.66, 20.06, -12.40, 27.72
875, 1.14, 1.65, -0.52, 2.79
876, 11.16, 26.57, -15.41, 37.73
877, 10.26, 21.88, -11.62, 32.14
878, 17.48, 46.94, -29.46, 64.41
879, 3.40, 13.66, -10.26, 17.06
880, 0.75, 1.40, -0.65, 2.15
881, 1.31, 2.54, -1.23, 3.85
882, 1.14, 1.43, -0.29, 2.57
883, 0.82, 1.36, -0.54, 2.18
884, 17.80, 38.70, -20.91, 56.50
885, 29.62, 58.67, -29.05, 88.29
886, 14.85, 25.84, -10.99, 40.69
887, 15.42, 23.65, -8.23, 39.07
888, 1.21, 3.47, -2.26, 4.68
889, 2.61, 4.24, -1.63, 6.85
890, 11.59, 15.68, -4.10, 27.27
891, 4.64, 7.85, -3.21, 12.49
892, 6.24, 8.20, -1.96, 14.44
893, 28.47, 44.36, -15.88, 72.83
894, 41.81, 67.64, -25.83, 109.44
895, 18.04, 27.43, -9.39, 45.48
896, 10.29, 23.13, -12.84, 33.41
897, 6.90, 8.05, -1.15, 14.96
898, 8.68, 31.58, -22.90, 40.26
899, 28.04, 40.58, -12.53, 68.62
900, 3.75, 4.81, -1.06, 8.56
901, 9.09, 18.99, -9.90, 28.08
902, 2.52, 3.07, -0.55, 5.59
903, 10.39, 18.81, -8.43, 29.20
904, 8.24, 18.38, -10.14, 26.62
905, 4.83, 7.68, -2.85, 12.52
906, 11.89, 16.46, -4.57, 28.34
907, 3.03, 12.30, -9.28, 15.33
908, 5.69, 24.61, -18.92, 30.30
909, 3.15, 6.34, -3.19, 9.50
910, 2.31, 2.22, 0.09, 4.52
911, 1.92, 2.45, -0.52, 4.37
912, 3.08, 3.90, -0.83, 6.98
913, 7.58, 16.95, -9.37, 24.54
914, 6.94, 9.84, -2.90, 16.78
915, 9.29, 38.46, -29.17, 47.75
916, 11.18, 35.69, -24.51, 46.87
917, 5.85, 16.25, -10.39, 22.10
918, 11.41, 33.17, -21.77, 44.58
919, 0.87, 6.55, -5.68, 7.42
920, 3.28, 14.60, -11.32, 17.88
921, 142.45, 80.67, 61.78, 223.12
922, 15.69, 24.03, -8.34, 39.72
923, 8.31, 15.76, -7.45, 24.08
924, 15.66, 18.24, -2.58, 33.90
925, 10.18, 12.85, -2.66, 23.03
926, 9.99, 16.19, -6.20, 26.19
927, 6.50, 9.24, -2.73, 15.74
928, 4.24, 15.29, -11.05, 19.52
929, 5.90, 9.12, -3.22, 15.02
930, 19.41, 40.27, -20.85, 59.68
931, 35.29, 49.03, -13.74, 84.32
932, 9.28, 11.10, -1.82, 20.37
933, 4.71, 7.38, -2.67, 12.09
934, 7.40, 10.77, -3.37, 18.17
935, 40.73, 67.61, -26.88, 108.34
936, 6.47, 12.96, -6.49, 19.43
937, 27.64, 42.10, -14.46, 69.74
938, 4.18, 11.64, -7.47, 15.82
939, 4.93, 12.44, -7.52, 17.37
940, 10.85, 20.34, -9.48, 31.19
941, 14.20, 23.33, -9.13, 37.53
942, 11.46, 26.19, -14.73, 37.65
943, 36.70, 49.60, -12.90, 86.30
944, 3.58, 9.50, -5.93, 13.08
945, 13.96, 28.68, -14.72, 42.64
946, 36.98, 51.18, -14.20, 88.16
947, 2.92, 4.82, -1.90, 7.75
948, 7.56, 11.75, -4.19, 19.31
949, 7.62, 15.51, -7.89, 23.13
950, 25.31, 35.51, -10.20, 60.82
951, 2.30, 4.54, -2.25, 6.84
952, 2.95, 6.47, -3.52, 9.42
953, 10.79, 13.38, -2.59, 24.17
954, 10.02, 19.74, -9.73, 29.76
955, 19.78, 32.62, -12.83, 52.40
956, 2.73, 5.95, -3.22, 8.68
957, 3.98, 10.82, -6.83, 14.80
958, 17.10, 32.07, -14.96, 49.17
959, 6.09, 15.58, -9.49, 21.67
960, 8.70, 15.66, -6.97, 24.36
961, 6.55, 9.80, -3.25, 16.35
962, 47.32, 36.20, 11.12, 83.52
963, 10.60, 16.52, -5.92, 27.12
964, 62.11, 35.15, 26.96, 97.27
965, 9.94, 14.21, -4.27, 24.14
966, 7.68, 20.37, -12.69, 28.05
967, 4.31, 4.91, -0.60, 9.22
968, 25.15, 32.52, -7.37, 57.67
969, 9.34, 11.44, -2.10, 20.78
970, 5.69, 15.64, -9.95, 21.33
971, 7.10, 15.71, -8.61, 22.81
972, 3.63, 4.25, -0.62, 7.88
973, 54.44, 51.37, 3.07, 105.81
974, 15.19, 26.43, -11.24, 41.62
975, 5.47, 5.82, -0.35, 11.28
976, 13.19, 17.64, -4.45, 30.83
977, 2.30, 3.00, -0.70, 5.30
978, 10.85, 20.57, -9.71, 31.42
979, 16.84, 29.51, -12.67, 46.36
980, 14.07, 20.43, -6.36, 34.50
981, 8.85, 16.94, -8.09, 25.79
982, 14.16, 21.86, -7.69, 36.02
983, 2.25, 1.86, 0.40, 4.11
984, 1.83, 4.35, -2.52, 6.18
985, 7.78, 24.14, -16.36, 31.92
986, 7.85, 12.59, -4.74, 20.44
987, 3.95, 7.45, -3.50, 11.40
988, 11.03, 13.57, -2.54, 24.60
989, 7.32, 29.42, -22.10, 36.74
990, 85.30, 88.91, -3.62, 174.21
991, 5.02, 5.57, -0.55, 10.59
992, 20.67, 46.17, -25.50, 66.83
993, 28.67, 49.56, -20.89, 78.22
994, 60.64, 67.81, -7.17, 128.45
995, 2.76, 6.03, -3.27, 8.78
996, 29.17, 43.95, -14.79, 73.12
997, 35.78, 54.97, -19.19, 90.75
998, 7.16, 8.79, -1.63, 15.96
999, 14.72, 19.55, -4.82, 34.27
1000, 60.75, 48.03, 12.72, 108.78
1001, 2.18, 3.28, -1.10, 5.46
1002, 33.68, 58.73, -25.05, 92.41
1003, 14.07, 23.33, -9.26, 37.41
1004, 11.68, 17.11, -5.43, 28.79
1005, 27.25, 55.39, -28.14, 82.63
1006, 35.79, 35.31, 0.48, 71.10
1007, 4.39, 13.15, -8.76, 17.54
1008, 12.75, 16.90, -4.15, 29.65
1009, 3.52, 4.90, -1.39, 8.42
1010, 12.89, 31.95, -19.06, 44.84
1011, 6.04, 16.36, -10.32, 22.40
1012, 10.42, 17.47, -7.05, 27.89
1013, 114.35, 106.19, 8.16, 220.54
1014, 15.83, 37.23, -21.40, 53.06
1015, 1.05, 1.14, -0.09, 2.19
1016, 1.27, 2.10, -0.83, 3.38
1017, 0.87, 1.24, -0.38, 2.11
1018, 3.28, 18.26, -14.98, 21.53
1019, 0.56, 0.70, -0.14, 1.27
1020, 4.21, 11.92, -7.71, 16.13
1021, 1.31, 2.62, -1.31, 3.93
1022, 3.94, 4.77, -0.84, 8.71
1023, 12.15, 14.72, -2.57, 26.87
1024, 8.38, 8.67, -0.29, 17.05
1025, 1.61, 1.54, 0.07, 3.14
1026, 3.94, 6.57, -2.63, 10.52
1027, 2.46, 2.30, 0.16, 4.76
1028, 5.05, 6.54, -1.49, 11.58
1029, 44.91, 74.63, -29.72, 119.54
1030, 8.62, 10.30, -1.68, 18.91
1031, 6.90, 13.15, -6.25, 20.05
1032, 12.29, 18.96, -6.67, 31.26
1033, 12.21, 19.16, -6.95, 31.37
1034, 1.63, 1.69, -0.06, 3.32
1035, 1.45, 1.87, -0.43, 3.32
1036, 1.49, 1.50, -0.01, 2.99
1037, 2.02, 3.70, -1.68, 5.73
1038, 3.63, 8.57, -4.94, 12.20
1039, 44.98, 49.46, -4.48, 94.45
1040, 11.04, 20.21, -9.17, 31.25
1041, 3.50, 5.38, -1.88, 8.88
1042, 2.59, 3.55, -0.96, 6.14
1043, 3.39, 5.70, -2.31, 9.10
1044, 3.60, 4.00, -0.39, 7.60
1045, 5.19, 8.69, -3.50, 13.88
1046, 4.86, 14.22, -9.35, 19.08
1047, 49.49, 60.37, -10.88, 109.86
1048, 11.51, 23.49, -11.98, 35.00
1049, 14.11, 33.72, -19.60, 47.83
1050, 6.54, 18.87, -12.32, 25.41
1051, 12.25, 35.90, -23.65, 48.16
1052, 57.25, 82.78, -25.52, 140.03
1053, 3.91, 7.15, -3.24, 11.06
1054, 17.85, 28.77, -10.92, 46.63
1055, 32.69, 49.24, -16.54, 81.93
1056, 47.97, 72.84, -24.86, 120.81
1057, 8.31, 21.33, -13.01, 29.64
1058, 0.92, 1.13, -0.20, 2.05
1059, 1.04, 1.50, -0.46, 2.53
1060, 0.91, 1.63, -0.73, 2.54
1061, 18.07, 27.11, -9.04, 45.18
1062, 3.35, 7.69, -4.34, 11.05
1063, 3.04, 7.67, -4.64, 10.71
1064, 22.02, 36.04, -14.02, 58.06
1065, 3.39, 5.68, -2.29, 9.07
1066, 16.40, 23.78, -7.38, 40.18
1067, 9.81, 12.96, -3.16, 22.77
1068, 9.70, 17.86, -8.16, 27.55
1069, 3.13, 5.91, -2.79, 9.04
1070, 3.60, 9.51, -5.91, 13.10
1071, 4.09, 18.68, -14.59, 22.77
1072, 9.28, 17.79, -8.51, 27.07
1073, 7.96, 20.71, -12.76, 28.67
1074, 10.76, 24.06, -13.31, 34.82
1075, 16.46, 22.07, -5.61, 38.54
1076, 3.06, 10.23, -7.16, 13.29
1077, 5.27, 15.56, -10.29, 20.83
1078, 11.14, 23.99, -12.84, 35.13
1079, 19.50, 48.60, -29.10, 68.10
1080, 3.85, 10.04, -6.19, 13.88
1081, 6.86, 9.15, -2.29, 16.00
1082, 1.75, 3.61, -1.86, 5.36
1083, 33.68, 47.50, -13.83, 81.18
1084, 29.66, 44.22, -14.56, 73.87
1085, 2.79, 6.01, -3.22, 8.80
1086, 39.57, 60.22, -20.65, 99.78
1087, 5.87, 14.35, -8.48, 20.22
1088, 70.85, 87.44, -16.59, 158.29
1089, 16.26, 27.10, -10.84, 43.36
1090, 43.82, 37.94, 5.88, 81.75
1091, 2.07, 2.44, -0.37, 4.51
1092, 45.46, 61.33, -15.88, 106.79
1093, 9.09, 19.47, -10.39, 28.56
1094, 6.45, 7.80, -1.35, 14.25
1095, 31.84, 56.26, -24.42, 88.10
1096, 10.80, 32.99, -22.19, 43.79
1097, 16.03, 35.93, -19.90, 51.95
1098, 21.56, 44.18, -22.62, 65.74
1099, 5.09, 5.60, -0.51, 10.69
1100, 8.31, 16.57, -8.27, 24.88
1101, 11.63, 25.83, -14.21, 37.46
1102, 3.09, 12.39, -9.30, 15.47
1103, 2.63, 10.67, -8.04, 13.30
1104, 3.52, 9.64, -6.12, 13.16
1105, 9.33, 24.06, -14.73, 33.40
1106, 3.04, 15.32, -12.27, 18.36
1107, 11.78, 15.19, -3.41, 26.96
1108, 13.84, 12.75, 1.09, 26.59
1109, 4.72, 5.44, -0.72, 10.17
1110, 7.15, 17.77, -10.62, 24.91
1111, 18.94, 26.27, -7.33, 45.22
1112, 10.23, 12.80, -2.58, 23.03
1113, 5.36, 5.62, -0.26, 10.98
1114, 4.75, 14.94, -10.19, 19.70
1115, 18.83, 26.37, -7.54, 45.19
1116, 24.24, 42.83, -18.59, 67.07
1117, 5.70, 9.99, -4.30, 15.69
1118, 15.80, 30.59, -14.79, 46.38
1119, 9.75, 11.05, -1.30, 20.81
1120, 31.52, 55.54, -24.02, 87.06
1121, 9.80, 13.88, -4.08, 23.68
1122, 8.83, 22.29, -13.46, 31.12
1123, 7.42, 16.06, -8.64, 23.49
1124, 4.82, 7.04, -2.22, 11.85
1125, 12.76, 10.34, 2.42, 23.10
1126, 11.37, 10.90, 0.47, 22.27
1127, 9.93, 9.50, 0.43, 19.43
1128, 7.47, 9.87, -2.40, 17.34
1129, 7.20, 12.22, -5.02, 19.42
1130, 5.53, 4.79, 0.74, 10.31
1131, 6.84, 9.49, -2.65, 16.33
1132, 4.29, 10.04, -5.75, 14.33
1133, 3.66, 4.34, -0.68, 8.00
1134, 7.58, 21.84, -14.26, 29.42
1135, 3.13, 2.66, 0.47, 5.79
1136, 7.69, 11.38, -3.69, 19.07
1137, 19.31, 54.96, -35.65, 74.27
1138, 21.37, 36.15, -14.78, 57.52
1139, 6.17, 6.61, -0.45, 12.78
1140, 7.53, 22.49, -14.96, 30.02
1141, 5.01, 9.44, -4.43, 14.45
1142, 42.71, 36.18, 6.53, 78.89
1143, 30.61, 30.02, 0.59, 60.64
1144, 8.37, 7.21, 1.16, 15.58
1145, 21.80, 25.65, -3.85, 47.45
1146, 1.57, 3.01, -1.44, 4.59
1147, 1.83, 1.86, -0.02, 3.69
1148, 22.08, 48.69, -26.61, 70.77
1149, 6.77, 11.98, -5.21, 18.76
1150, 8.93, 15.51, -6.58, 24.44
1151, 2.57, 7.77, -5.20, 10.34
1152, 8.66, 30.53, -21.87, 39.19
1153, 1.87, 3.07, -1.19, 4.94
1154, 62.16, 73.47, -11.30, 135.63
1155, 27.72, 58.24, -30.52, 85.96
1156, 7.23, 13.27, -6.04, 20.50
1157, 6.60, 8.04, -1.44, 14.65
1158, 6.02, 12.08, -6.06, 18.10
1159, 17.68, 36.29, -18.60, 53.97
1160, 10.04, 21.89, -11.85, 31.93
1161, 21.33, 39.98, -18.65, 61.31
1162, 14.57, 11.71, 2.86, 26.28
1163, 3.30, 4.41, -1.11, 7.71
1164, 7.63, 13.46, -5.83, 21.08
1165, 14.63, 13.06, 1.56, 27.69
1166, 20.64, 37.28, -16.63, 57.92
1167, 14.50, 17.15, -2.65, 31.65
1168, 3.35, 5.18, -1.84, 8.53

Overall_Averages (Nearest Junction Based):
Avg Mean Offset: 12.83
Avg Lower Offset: -7.67
Avg Upper Offset: 33.32
